DATETIME,AIT202,LIT301,NormalAttack,ATT_FLAG
28/12/2015 10:00:00 AM,8.396437,956.1651,Normal,0
28/12/2015 10:01:40 AM,8.39163,960.3708,Normal,0
28/12/2015 10:03:20 AM,8.391951,964.9369,Normal,0
28/12/2015 10:05:00 AM,8.394514,969.3428,Normal,0
28/12/2015 10:06:40 AM,8.393873,975.1506,Normal,0
28/12/2015 10:08:20 AM,8.396437,978.2748,Normal,0
28/12/2015 10:10:00 AM,8.396116,986.6461,Normal,0
28/12/2015 10:11:40 AM,8.395475,988.5687,Normal,0
28/12/2015 10:13:20 AM,8.46533,1011.359,Normal,0
28/12/2015 10:15:00 AM,8.459562,1010.518,Normal,0
28/12/2015 10:16:40 AM,8.461164,1011.159,Normal,0
28/12/2015 10:18:20 AM,8.461164,1010.839,Normal,0
28/12/2015 10:20:00 AM,8.464369,1010.959,Normal,0
28/12/2015 10:21:40 AM,8.464369,1010.558,Normal,0
28/12/2015 10:23:20 AM,8.46501,985.2042,Normal,0
28/12/2015 10:25:00 AM,8.464369,941.5054,Normal,0
28/12/2015 10:26:40 AM,8.467573,898.8481,Normal,0
28/12/2015 10:28:20 AM,8.46533,854.9491,Normal,0
28/12/2015 10:30:00 AM,8.462767,810.4493,Attack,1
28/12/2015 10:31:40 AM,8.392271,793.0659,Attack,1
28/12/2015 10:33:20 AM,8.392271,801.8777,Attack,1
28/12/2015 10:35:00 AM,8.392271,806.7643,Attack,1
28/12/2015 10:36:40 AM,8.396116,810.7296,Attack,1
28/12/2015 10:38:20 AM,8.395475,815.2157,Attack,1
28/12/2015 10:40:00 AM,8.395475,819.5815,Attack,1
28/12/2015 10:41:40 AM,8.396437,826.4307,Attack,1
28/12/2015 10:43:20 AM,8.397718,830.1958,Attack,1
28/12/2015 10:45:00 AM,8.396757,836.5644,Normal,0
28/12/2015 10:46:40 AM,8.396757,840.8101,Normal,0
28/12/2015 10:48:20 AM,8.396116,847.2187,Normal,0
28/12/2015 10:50:00 AM,8.398039,850.463,Normal,0
28/12/2015 10:51:40 AM,8.381056,858.9144,Attack,1
28/12/2015 10:53:20 AM,8.388105,893.4408,Attack,1
28/12/2015 10:55:00 AM,8.385862,924.5226,Attack,1
28/12/2015 10:56:40 AM,8.385221,934.6562,Attack,1
28/12/2015 10:58:20 AM,8.380095,948.5949,Attack,1
28/12/2015 11:00:00 AM,8.379133,951.9194,Normal,0
28/12/2015 11:01:40 AM,8.380415,956.4855,Normal,0
28/12/2015 11:03:20 AM,8.381697,960.2106,Normal,0
28/12/2015 11:05:00 AM,8.380735,964.6165,Normal,0
28/12/2015 11:06:40 AM,8.381056,969.6633,Normal,0
28/12/2015 11:08:20 AM,8.383619,974.5898,Normal,0
28/12/2015 11:10:00 AM,8.38426,976.2321,Normal,0
28/12/2015 11:11:40 AM,8.380415,983.3616,Normal,0
28/12/2015 11:13:20 AM,8.380735,985.8851,Normal,0
28/12/2015 11:15:00 AM,8.382017,991.8531,Normal,0
28/12/2015 11:16:40 AM,8.380735,995.8184,Normal,0
28/12/2015 11:18:20 AM,8.404768,998.3418,Normal,0
28/12/2015 11:20:00 AM,8.4429,956.6858,Normal,0
28/12/2015 11:21:40 AM,8.446424,913.7081,Normal,0
28/12/2015 11:23:20 AM,8.449308,869.9292,Attack,1
28/12/2015 11:25:00 AM,8.447386,870.2096,Attack,1
28/12/2015 11:26:40 AM,8.447706,870.4099,Attack,1
28/12/2015 11:28:20 AM,8.45059,871.1709,Attack,1
28/12/2015 11:30:00 AM,8.444502,870.7703,Normal,0
28/12/2015 11:31:40 AM,8.449629,870.6902,Normal,0
28/12/2015 11:33:20 AM,8.449949,870.7703,Normal,0
28/12/2015 11:35:00 AM,8.448027,836.0436,Normal,0
28/12/2015 11:36:40 AM,8.445784,792.1046,Normal,0
28/12/2015 11:38:20 AM,8.374006,791.9444,Normal,0
28/12/2015 11:40:00 AM,8.373686,798.9538,Normal,0
28/12/2015 11:41:40 AM,8.374647,805.2823,Normal,0
28/12/2015 11:43:20 AM,8.374006,807.9659,Normal,0
28/12/2015 11:45:00 AM,8.373045,814.3745,Normal,0
28/12/2015 11:46:40 AM,8.375288,820.4627,Normal,0
28/12/2015 11:48:20 AM,8.372725,823.9474,Attack,1
28/12/2015 11:50:00 AM,8.369841,828.4334,Attack,1
28/12/2015 11:51:40 AM,8.369841,831.9982,Attack,1
28/12/2015 11:53:20 AM,8.368238,838.3668,Attack,1
28/12/2015 11:55:00 AM,8.367598,842.4923,Normal,0
28/12/2015 11:56:40 AM,8.367918,848.5405,Normal,0
28/12/2015 11:58:20 AM,8.367598,852.5058,Normal,0
28/12/2015 12:00:00 PM,8.36151,858.2736,Normal,0
28/12/2015 12:01:40 PM,6,862.7596,Attack,1
28/12/2015 12:03:20 PM,6,867.8865,Attack,1
28/12/2015 12:05:00 PM,8.368238,885.5502,Normal,0
28/12/2015 12:06:40 PM,8.370802,921.0779,Normal,0
28/12/2015 12:08:20 PM,8.374006,1200,Normal,0
28/12/2015 12:10:00 PM,8.432005,1200,Attack,1
28/12/2015 12:11:40 PM,8.432005,1200,Attack,1
28/12/2015 12:13:20 PM,8.438414,1200,Attack,1
28/12/2015 12:15:00 PM,8.43553,1200,Attack,1
28/12/2015 12:16:40 PM,8.368238,735.5486,Normal,0
28/12/2015 12:18:20 PM,8.367918,740.1548,Normal,0
28/12/2015 12:20:00 PM,8.365035,747.6849,Normal,0
28/12/2015 12:21:40 PM,8.367918,749.8077,Normal,0
28/12/2015 12:23:20 PM,8.36952,758.8599,Normal,0
28/12/2015 12:25:00 PM,8.363112,761.0228,Normal,0
28/12/2015 12:26:40 PM,8.368879,764.6277,Normal,0
28/12/2015 12:28:20 PM,8.372404,772.3981,Normal,0
28/12/2015 12:30:00 PM,8.368879,777.4449,Normal,0
28/12/2015 12:31:40 PM,8.371122,784.0538,Normal,0
28/12/2015 12:33:20 PM,8.369841,786.6573,Normal,0
28/12/2015 12:35:00 PM,8.369841,793.6667,Normal,0
28/12/2015 12:36:40 PM,8.373045,834.041,Normal,0
28/12/2015 12:38:20 PM,8.372084,883.5475,Normal,0
28/12/2015 12:40:00 PM,8.368238,929.249,Normal,0
28/12/2015 12:41:40 PM,8.369841,979.8369,Normal,0
28/12/2015 12:43:20 PM,8.437132,1009.877,Normal,0
28/12/2015 12:45:00 PM,8.435209,1009.837,Normal,0
28/12/2015 12:46:40 PM,8.439375,982.2001,Normal,0
28/12/2015 12:48:20 PM,8.433928,937.7804,Normal,0
28/12/2015 12:50:00 PM,8.440977,894.8427,Normal,0
28/12/2015 12:51:40 PM,8.442579,850.5432,Normal,0
28/12/2015 12:53:20 PM,8.438734,805.4826,Normal,0
28/12/2015 12:55:00 PM,8.367598,789.3809,Normal,0
28/12/2015 12:56:40 PM,8.362792,796.5506,Normal,0
28/12/2015 12:58:20 PM,8.368238,803.9205,Normal,0
28/12/2015 01:00:00 PM,8.365676,808.006,Normal,0
28/12/2015 01:01:40 PM,8.364394,811.7711,Normal,0
28/12/2015 01:03:20 PM,8.364715,816.8578,Normal,0
28/12/2015 01:05:00 PM,8.363433,823.3867,Normal,0
28/12/2015 01:06:40 PM,8.361831,827.6724,Normal,0
28/12/2015 01:08:20 PM,8.358626,831.8781,Normal,0
28/12/2015 01:10:00 PM,8.357024,837.766,Normal,0
28/12/2015 01:11:40 PM,8.356063,881.3045,Attack,1
28/12/2015 01:13:20 PM,8.354461,905.6973,Attack,1
28/12/2015 01:15:00 PM,8.350616,937.1796,Attack,1
28/12/2015 01:16:40 PM,8.351897,971.2654,Attack,1
28/12/2015 01:18:20 PM,8.352218,993.8157,Attack,1
28/12/2015 01:20:00 PM,8.42079,1002.307,Attack,1
28/12/2015 01:21:40 PM,8.416945,980.9985,Attack,1
28/12/2015 01:23:20 PM,8.415983,959.81,Attack,1
28/12/2015 01:25:00 PM,8.416945,950.918,Attack,1
28/12/2015 01:26:40 PM,8.42079,914.6293,Normal,0
28/12/2015 01:28:20 PM,8.42079,869.4085,Normal,0
28/12/2015 01:30:00 PM,8.424314,825.2692,Normal,0
28/12/2015 01:31:40 PM,8.347411,791.1033,Normal,0
28/12/2015 01:33:20 PM,8.358626,798.1527,Normal,0
28/12/2015 01:35:00 PM,8.354461,802.3984,Normal,0
28/12/2015 01:36:40 PM,8.351897,807.4853,Normal,0
28/12/2015 01:38:20 PM,8.351256,811.6509,Normal,0
28/12/2015 01:40:00 PM,8.355102,815.6563,Normal,0
28/12/2015 01:41:40 PM,8.349975,822.3853,Normal,0
28/12/2015 01:43:20 PM,8.352218,827.5923,Normal,0
28/12/2015 01:45:00 PM,8.352859,830.8367,Normal,0
28/12/2015 01:46:40 PM,8.351897,837.6058,Normal,0
28/12/2015 01:48:20 PM,8.351897,840.2093,Normal,0
28/12/2015 01:50:00 PM,8.35382,844.8956,Normal,0
28/12/2015 01:51:40 PM,8.352859,851.7047,Normal,0
28/12/2015 01:53:20 PM,8.349013,855.5499,Normal,0
28/12/2015 01:55:00 PM,8.351577,859.5152,Normal,0
28/12/2015 01:56:40 PM,8.350616,895.6437,Normal,0
28/12/2015 01:58:20 PM,8.349654,911.6653,Normal,0
28/12/2015 02:00:00 PM,8.350295,916.8723,Normal,0
28/12/2015 02:01:40 PM,8.352859,921.3183,Normal,0
28/12/2015 02:03:20 PM,8.351897,925.1234,Normal,0
28/12/2015 02:05:00 PM,8.355422,928.4078,Normal,0
28/12/2015 02:06:40 PM,8.356383,934.536,Normal,0
28/12/2015 02:08:20 PM,8.359267,937.2997,Normal,0
28/12/2015 02:10:00 PM,8.356704,942.3065,Normal,0
28/12/2015 02:11:40 PM,8.360869,947.7939,Normal,0
28/12/2015 02:13:20 PM,8.362792,953.4815,Normal,0
28/12/2015 02:15:00 PM,8.365035,957.7272,Normal,0
28/12/2015 02:16:40 PM,8.366636,960.9716,Attack,1
28/12/2015 02:18:20 PM,8.367277,966.7794,Attack,1
28/12/2015 02:20:00 PM,8.372725,970.985,Attack,1
28/12/2015 02:21:40 PM,8.3692,975.9517,Attack,1
28/12/2015 02:23:20 PM,8.368238,980.1573,Attack,1
28/12/2015 02:25:00 PM,8.370481,985.1641,Attack,1
28/12/2015 02:26:40 PM,8.371443,989.7703,Attack,1
28/12/2015 02:28:20 PM,8.418867,1010.438,Attack,1
28/12/2015 02:30:00 PM,8.440336,987.4872,Normal,0
28/12/2015 02:31:40 PM,8.440016,943.9888,Normal,0
28/12/2015 02:33:20 PM,8.439375,900.2499,Normal,0
28/12/2015 02:35:00 PM,8.44322,855.8303,Normal,0
28/12/2015 02:36:40 PM,8.440336,811.01,Normal,0
28/12/2015 02:38:20 PM,8.373686,792.385,Normal,0
28/12/2015 02:40:00 PM,8.378813,799.7148,Normal,0
28/12/2015 02:41:40 PM,8.380415,802.9592,Normal,0
28/12/2015 02:43:20 PM,8.377531,808.6068,Normal,0
28/12/2015 02:45:00 PM,8.374327,813.7337,Normal,0
28/12/2015 02:46:40 PM,8.374327,817.7791,Normal,0
28/12/2015 02:48:20 PM,8.375929,823.0262,Normal,0
28/12/2015 02:50:00 PM,8.372725,827.2719,Normal,0
28/12/2015 02:51:40 PM,8.370802,833.1998,Normal,0
28/12/2015 02:53:20 PM,8.36952,836.8848,Normal,0
28/12/2015 02:55:00 PM,8.365996,839.4482,Normal,0
28/12/2015 02:56:40 PM,8.367598,847.4991,Normal,0
28/12/2015 02:58:20 PM,8.367277,852.8262,Normal,0
28/12/2015 03:00:00 PM,8.366636,870.4099,Normal,0
28/12/2015 03:01:40 PM,8.366636,905.457,Normal,0
28/12/2015 03:03:20 PM,8.3692,909.0217,Normal,0
28/12/2015 03:05:00 PM,8.365676,913.5879,Normal,0
28/12/2015 03:06:40 PM,8.371122,916.7922,Normal,0
28/12/2015 03:08:20 PM,8.370481,922.1193,Normal,0
28/12/2015 03:10:00 PM,8.366317,927.086,Normal,0
28/12/2015 03:11:40 PM,8.367277,931.5721,Normal,0
28/12/2015 03:13:20 PM,8.369841,936.8992,Normal,0
28/12/2015 03:15:00 PM,8.371443,941.3452,Normal,0
28/12/2015 03:16:40 PM,8.374647,944.7097,Normal,0
28/12/2015 03:18:20 PM,8.36952,951.1183,Normal,0
28/12/2015 03:20:00 PM,8.36952,955.5643,Normal,0
28/12/2015 03:21:40 PM,8.375929,959.9302,Normal,0
28/12/2015 03:23:20 PM,8.374006,964.5364,Normal,0
28/12/2015 03:25:00 PM,8.377211,970.4644,Normal,0
28/12/2015 03:26:40 PM,8.377851,973.949,Normal,0
28/12/2015 03:28:20 PM,8.430082,1011.079,Normal,0
28/12/2015 03:30:00 PM,8.441938,1011.56,Normal,0
28/12/2015 03:31:40 PM,8.443541,1012.281,Normal,0
28/12/2015 03:33:20 PM,8.444822,1012.281,Normal,0
28/12/2015 03:35:00 PM,8.444822,1012.08,Normal,0
28/12/2015 03:36:40 PM,8.4429,1011.92,Normal,0
28/12/2015 03:38:20 PM,8.448347,979.196,Normal,0
28/12/2015 03:40:00 PM,8.445784,934.5761,Normal,0
28/12/2015 03:41:40 PM,8.448347,893.0403,Normal,0
28/12/2015 03:43:20 PM,8.449949,847.4991,Normal,0
28/12/2015 03:45:00 PM,8.449949,802.4786,Normal,0
28/12/2015 03:46:40 PM,8.378492,792.7455,Normal,0
28/12/2015 03:48:20 PM,8.373045,796.7108,Normal,0
28/12/2015 03:50:00 PM,8.374647,803.1595,Normal,0
28/12/2015 03:51:40 PM,8.374327,807.7256,Normal,0
28/12/2015 03:53:20 PM,8.376249,813.0527,Normal,0
28/12/2015 03:55:00 PM,8.373686,815.1756,Normal,0
28/12/2015 03:56:40 PM,8.372404,822.0649,Normal,0
28/12/2015 03:58:20 PM,8.372404,825.9501,Normal,0
28/12/2015 04:00:00 PM,8.369841,830.6364,Normal,0
28/12/2015 04:01:40 PM,8.364715,834.842,Normal,0
28/12/2015 04:03:20 PM,8.365035,839.1278,Normal,0
28/12/2015 04:05:00 PM,8.366317,844.4149,Normal,0
28/12/2015 04:06:40 PM,8.366317,850.423,Normal,0
28/12/2015 04:08:20 PM,8.363433,876.6182,Normal,0
28/12/2015 04:10:00 PM,8.364394,901.8121,Normal,0
28/12/2015 04:11:40 PM,8.363112,906.8989,Normal,0
28/12/2015 04:13:20 PM,8.360229,912.4263,Normal,0
28/12/2015 04:15:00 PM,8.362792,917.4731,Normal,0
28/12/2015 04:16:40 PM,8.362792,921.7188,Normal,0
28/12/2015 04:18:20 PM,8.358626,923.8817,Normal,0
28/12/2015 04:20:00 PM,8.360869,930.2503,Normal,0
28/12/2015 04:21:40 PM,8.359588,933.775,Normal,0
28/12/2015 04:23:20 PM,8.360229,940.3439,Normal,0
28/12/2015 04:25:00 PM,8.359588,943.9086,Normal,0
28/12/2015 04:26:40 PM,8.358626,947.1931,Normal,0
28/12/2015 04:28:20 PM,8.363112,953.5616,Normal,0
28/12/2015 04:30:00 PM,8.361831,956.886,Normal,0
28/12/2015 04:31:40 PM,8.360229,961.6124,Normal,0
28/12/2015 04:33:20 PM,8.361831,966.3388,Normal,0
28/12/2015 04:35:00 PM,8.359908,970.224,Normal,0
28/12/2015 04:36:40 PM,8.360869,976.6326,Normal,0
28/12/2015 04:38:20 PM,8.362472,980.598,Normal,0
28/12/2015 04:40:00 PM,8.36151,998.2216,Normal,0
28/12/2015 04:41:40 PM,8.432005,994.2563,Normal,0
28/12/2015 04:43:20 PM,8.424314,951.4788,Normal,0
28/12/2015 04:45:00 PM,8.428801,909.1019,Normal,0
28/12/2015 04:46:40 PM,8.427198,864.8423,Normal,0
28/12/2015 04:48:20 PM,8.432325,820.2224,Normal,0
28/12/2015 04:50:00 PM,8.360869,791.1433,Normal,0
28/12/2015 04:51:40 PM,8.362792,796.11,Normal,0
28/12/2015 04:53:20 PM,8.359267,803.1595,Normal,0
28/12/2015 04:55:00 PM,8.359267,820.0222,Normal,0
28/12/2015 04:56:40 PM,8.360229,866.845,Normal,0
28/12/2015 04:58:20 PM,8.357024,915.7908,Normal,0
28/12/2015 05:00:00 PM,8.359267,965.017,Normal,0
28/12/2015 05:01:40 PM,8.399641,1008.956,Normal,0
28/12/2015 05:03:20 PM,8.422071,1008.916,Normal,0
28/12/2015 05:05:00 PM,8.426878,1006.913,Normal,0
28/12/2015 05:06:40 PM,8.427519,962.9742,Normal,0
28/12/2015 05:08:20 PM,8.42816,921.9191,Normal,0
28/12/2015 05:10:00 PM,8.430082,876.8185,Normal,0
28/12/2015 05:11:40 PM,8.429762,832.2786,Normal,0
28/12/2015 05:13:20 PM,8.388746,789.5411,Normal,0
28/12/2015 05:15:00 PM,8.355102,792.5452,Normal,0
28/12/2015 05:16:40 PM,8.352859,799.5146,Normal,0
28/12/2015 05:18:20 PM,8.350616,804.5213,Normal,0
28/12/2015 05:20:00 PM,8.353499,809.6482,Normal,0
28/12/2015 05:21:40 PM,8.353499,814.6549,Normal,0
28/12/2015 05:23:20 PM,8.351577,819.8218,Normal,0
28/12/2015 05:25:00 PM,8.351577,826.2705,Normal,0
28/12/2015 05:26:40 PM,8.352859,828.0729,Normal,0
28/12/2015 05:28:20 PM,8.353499,834.041,Normal,0
28/12/2015 05:30:00 PM,8.352218,838.0063,Normal,0
28/12/2015 05:31:40 PM,8.351897,841.4509,Normal,0
28/12/2015 05:33:20 PM,8.355102,846.4576,Normal,0
28/12/2015 05:35:00 PM,8.353179,852.0652,Normal,0
28/12/2015 05:36:40 PM,8.353499,884.5488,Normal,0
28/12/2015 05:38:20 PM,8.35382,905.497,Normal,0
28/12/2015 05:40:00 PM,8.356063,910.6239,Normal,0
28/12/2015 05:41:40 PM,8.355422,915.8309,Normal,0
28/12/2015 05:43:20 PM,8.357024,919.3957,Normal,0
28/12/2015 05:45:00 PM,8.36119,922.4799,Normal,0
28/12/2015 05:46:40 PM,8.357985,927.4866,Normal,0
28/12/2015 05:48:20 PM,8.36151,933.1742,Normal,0
28/12/2015 05:50:00 PM,8.364074,936.1782,Normal,0
28/12/2015 05:51:40 PM,8.361831,941.5455,Normal,0
28/12/2015 05:53:20 PM,8.366317,946.9928,Normal,0
28/12/2015 05:55:00 PM,8.367277,950.3173,Normal,0
28/12/2015 05:56:40 PM,8.365996,956.3253,Normal,0
28/12/2015 05:58:20 PM,8.371443,960.4509,Normal,0
28/12/2015 06:00:00 PM,8.367277,965.738,Normal,0
28/12/2015 06:01:40 PM,8.370481,968.9423,Normal,0
28/12/2015 06:03:20 PM,8.369841,974.2294,Normal,0
28/12/2015 06:05:00 PM,8.373686,977.5538,Normal,0
28/12/2015 06:06:40 PM,8.374327,982.6807,Normal,0
28/12/2015 06:08:20 PM,8.408293,1008.035,Normal,0
28/12/2015 06:10:00 PM,8.4429,983.2415,Normal,0
28/12/2015 06:11:40 PM,8.442579,941.3853,Normal,0
28/12/2015 06:13:20 PM,8.441938,898.7279,Normal,0
28/12/2015 06:15:00 PM,8.44322,854.5085,Normal,0
28/12/2015 06:16:40 PM,8.446424,810.3291,Normal,0
28/12/2015 06:18:20 PM,8.373045,793.7468,Normal,0
28/12/2015 06:20:00 PM,8.377531,797.7522,Normal,0
28/12/2015 06:21:40 PM,8.372404,802.8791,Normal,0
28/12/2015 06:23:20 PM,8.374006,844.2547,Normal,0
28/12/2015 06:25:00 PM,8.372084,892.3994,Normal,0
28/12/2015 06:26:40 PM,8.376249,937.9807,Normal,0
28/12/2015 06:28:20 PM,8.376249,987.8878,Normal,0
28/12/2015 06:30:00 PM,8.441618,1009.957,Normal,0
28/12/2015 06:31:40 PM,8.439375,1010.318,Normal,0
28/12/2015 06:33:20 PM,8.441938,982.7609,Normal,0
28/12/2015 06:35:00 PM,8.444502,939.9433,Normal,0
28/12/2015 06:36:40 PM,8.444822,896.4048,Normal,0
28/12/2015 06:38:20 PM,8.446104,852.1453,Normal,0
28/12/2015 06:40:00 PM,8.444822,808.3665,Normal,0
28/12/2015 06:41:40 PM,8.371122,793.907,Normal,0
28/12/2015 06:43:20 PM,8.368879,799.5947,Normal,0
28/12/2015 06:45:00 PM,8.365676,802.9993,Normal,0
28/12/2015 06:46:40 PM,8.363112,808.3665,Normal,0
28/12/2015 06:48:20 PM,8.367277,813.5334,Normal,0
28/12/2015 06:50:00 PM,8.364715,815.8565,Normal,0
28/12/2015 06:51:40 PM,8.364715,823.2264,Normal,0
28/12/2015 06:53:20 PM,8.367598,829.6351,Normal,0
28/12/2015 06:55:00 PM,8.364394,830.6765,Normal,0
28/12/2015 06:56:40 PM,8.363433,838.3668,Normal,0
28/12/2015 06:58:20 PM,8.36151,843.694,Normal,0
28/12/2015 07:00:00 PM,8.363112,845.0958,Normal,0
28/12/2015 07:01:40 PM,8.36119,849.9423,Normal,0
28/12/2015 07:03:20 PM,8.359588,877.3392,Normal,0
28/12/2015 07:05:00 PM,8.36151,904.6559,Normal,0
28/12/2015 07:06:40 PM,8.359588,910.3836,Normal,0
28/12/2015 07:08:20 PM,8.360229,912.7067,Normal,0
28/12/2015 07:10:00 PM,8.363433,919.0753,Normal,0
28/12/2015 07:11:40 PM,8.364074,923.2408,Normal,0
28/12/2015 07:13:20 PM,8.362792,928.4879,Normal,0
28/12/2015 07:15:00 PM,8.362472,931.7723,Normal,0
28/12/2015 07:16:40 PM,8.363112,935.978,Normal,0
28/12/2015 07:18:20 PM,8.364074,940.1837,Normal,0
28/12/2015 07:20:00 PM,8.366317,944.3492,Normal,0
28/12/2015 07:21:40 PM,8.362472,950.878,Normal,0
28/12/2015 07:23:20 PM,8.369841,954.3627,Normal,0
28/12/2015 07:25:00 PM,8.3692,959.0891,Normal,0
28/12/2015 07:26:40 PM,8.374327,962.9342,Normal,0
28/12/2015 07:28:20 PM,8.375288,966.0584,Normal,0
28/12/2015 07:30:00 PM,8.375608,972.5872,Normal,0
28/12/2015 07:31:40 PM,8.377531,977.674,Normal,0
28/12/2015 07:33:20 PM,8.378813,982.08,Normal,0
28/12/2015 07:35:00 PM,8.377531,1001.025,Normal,0
28/12/2015 07:36:40 PM,8.443541,990.8517,Normal,0
28/12/2015 07:38:20 PM,8.448027,950.0769,Normal,0
28/12/2015 07:40:00 PM,8.445143,906.6986,Normal,0
28/12/2015 07:41:40 PM,8.445784,862.5593,Normal,0
28/12/2015 07:43:20 PM,8.444822,818.8606,Normal,0
28/12/2015 07:45:00 PM,8.376249,790.5425,Normal,0
28/12/2015 07:46:40 PM,8.383299,796.11,Normal,0
28/12/2015 07:48:20 PM,8.385542,801.1968,Normal,0
28/12/2015 07:50:00 PM,8.379454,818.42,Normal,0
28/12/2015 07:51:40 PM,8.383299,867.526,Normal,0
28/12/2015 07:53:20 PM,8.382658,914.3088,Normal,0
28/12/2015 07:55:00 PM,8.377851,962.4135,Normal,0
28/12/2015 07:56:40 PM,8.393553,1007.514,Normal,0
28/12/2015 07:58:20 PM,8.443541,1010.318,Normal,0
28/12/2015 08:00:00 PM,8.444822,1008.275,Normal,0
28/12/2015 08:01:40 PM,8.445784,967.4202,Normal,0
28/12/2015 08:03:20 PM,8.446424,922.1995,Normal,0
28/12/2015 08:05:00 PM,8.446104,880.5835,Normal,0
28/12/2015 08:06:40 PM,8.447386,834.2012,Normal,0
28/12/2015 08:08:20 PM,8.431364,791.664,Normal,0
28/12/2015 08:10:00 PM,8.376249,793.9871,Normal,0
28/12/2015 08:11:40 PM,8.37689,799.5146,Normal,0
28/12/2015 08:13:20 PM,8.377211,806.524,Normal,0
28/12/2015 08:15:00 PM,8.373686,808.767,Normal,0
28/12/2015 08:16:40 PM,8.374006,816.4173,Normal,0
28/12/2015 08:18:20 PM,8.372404,820.9434,Normal,0
28/12/2015 08:20:00 PM,8.372084,825.7498,Normal,0
28/12/2015 08:21:40 PM,8.372725,828.0729,Normal,0
28/12/2015 08:23:20 PM,8.372084,833.2399,Normal,0
28/12/2015 08:25:00 PM,8.36952,839.6885,Normal,0
28/12/2015 08:26:40 PM,8.368238,845.216,Normal,0
28/12/2015 08:28:20 PM,8.366636,851.2241,Normal,0
28/12/2015 08:30:00 PM,8.367918,854.2681,Normal,0
28/12/2015 08:31:40 PM,8.368879,889.7158,Normal,0
28/12/2015 08:33:20 PM,8.367918,906.2981,Normal,0
28/12/2015 08:35:00 PM,8.367918,911.465,Normal,0
28/12/2015 08:36:40 PM,8.365996,916.2314,Normal,0
28/12/2015 08:38:20 PM,8.368879,921.1981,Normal,0
28/12/2015 08:40:00 PM,8.36952,925.604,Normal,0
28/12/2015 08:41:40 PM,8.3692,931.1715,Normal,0
28/12/2015 08:43:20 PM,8.368238,934.9766,Normal,0
28/12/2015 08:45:00 PM,8.375288,938.942,Normal,0
28/12/2015 08:46:40 PM,8.374006,942.5869,Normal,0
28/12/2015 08:48:20 PM,8.371122,949.7164,Normal,0
28/12/2015 08:50:00 PM,8.372084,954.3627,Normal,0
28/12/2015 08:51:40 PM,8.375608,958.328,Normal,0
28/12/2015 08:53:20 PM,8.375929,963.2146,Normal,0
28/12/2015 08:55:00 PM,8.376249,968.3815,Normal,0
28/12/2015 08:56:40 PM,8.378813,971.4256,Normal,0
28/12/2015 08:58:20 PM,8.379454,977.8743,Normal,0
28/12/2015 09:00:00 PM,8.378813,979.2762,Normal,0
28/12/2015 09:01:40 PM,8.383299,987.0466,Normal,0
28/12/2015 09:03:20 PM,8.430403,1009.357,Normal,0
28/12/2015 09:05:00 PM,8.448347,987.5673,Normal,0
28/12/2015 09:06:40 PM,8.449308,944.3893,Normal,0
28/12/2015 09:08:20 PM,8.447706,901.5717,Normal,0
28/12/2015 09:10:00 PM,8.446104,856.7515,Normal,0
28/12/2015 09:11:40 PM,8.448027,811.8511,Normal,0
28/12/2015 09:13:20 PM,8.377851,792.6653,Normal,0
28/12/2015 09:15:00 PM,8.379454,798.2729,Normal,0
28/12/2015 09:16:40 PM,8.385542,802.4786,Normal,0
28/12/2015 09:18:20 PM,8.377211,848.8609,Normal,0
28/12/2015 09:20:00 PM,8.381056,896.8454,Normal,0
28/12/2015 09:21:40 PM,8.378813,944.5495,Normal,0
28/12/2015 09:23:20 PM,8.375288,991.2523,Normal,0
28/12/2015 09:25:00 PM,8.448988,1009.957,Normal,0
28/12/2015 09:26:40 PM,8.441298,1009.917,Normal,0
28/12/2015 09:28:20 PM,8.441618,978.5552,Normal,0
28/12/2015 09:30:00 PM,8.443541,936.1382,Normal,0
28/12/2015 09:31:40 PM,8.441298,891.9588,Normal,0
28/12/2015 09:33:20 PM,8.446745,846.8582,Normal,0
28/12/2015 09:35:00 PM,8.440336,802.078,Normal,0
28/12/2015 09:36:40 PM,8.374006,794.5479,Normal,0
28/12/2015 09:38:20 PM,8.374006,799.5546,Normal,0
28/12/2015 09:40:00 PM,8.370802,803.9205,Normal,0
28/12/2015 09:41:40 PM,8.372084,810.2089,Normal,0
28/12/2015 09:43:20 PM,8.373045,814.5748,Normal,0
28/12/2015 09:45:00 PM,8.368879,818.5802,Normal,0
28/12/2015 09:46:40 PM,8.367598,823.2264,Normal,0
28/12/2015 09:48:20 PM,8.368238,831.1971,Normal,0
28/12/2015 09:50:00 PM,8.367918,832.5991,Normal,0
28/12/2015 09:51:40 PM,8.367277,838.4069,Normal,0
28/12/2015 09:53:20 PM,8.365035,845.216,Normal,0
28/12/2015 09:55:00 PM,8.364715,848.8209,Normal,0
28/12/2015 09:56:40 PM,8.366317,851.5045,Normal,0
28/12/2015 09:58:20 PM,8.362792,879.2217,Normal,0
28/12/2015 10:00:00 PM,8.365035,908.501,Normal,0
28/12/2015 10:01:40 PM,8.365996,911.8655,Normal,0
28/12/2015 10:03:20 PM,8.366636,915.3102,Normal,0
28/12/2015 10:05:00 PM,8.367918,921.0379,Normal,0
28/12/2015 10:06:40 PM,8.367598,925.3237,Normal,0
28/12/2015 10:08:20 PM,8.36952,930.4906,Normal,0
28/12/2015 10:10:00 PM,8.36952,934.496,Normal,0
28/12/2015 10:11:40 PM,8.370481,940.1837,Normal,0
28/12/2015 10:13:20 PM,8.3692,945.4708,Normal,0
28/12/2015 10:15:00 PM,8.372404,948.9554,Normal,0
28/12/2015 10:16:40 PM,8.372084,952.7606,Normal,0
28/12/2015 10:18:20 PM,8.375608,957.9275,Normal,0
28/12/2015 10:20:00 PM,8.375929,963.8154,Normal,0
28/12/2015 10:21:40 PM,8.37689,966.8195,Normal,0
28/12/2015 10:23:20 PM,8.379454,971.7861,Normal,0
28/12/2015 10:25:00 PM,8.378813,974.67,Normal,0
28/12/2015 10:26:40 PM,8.381056,980.8383,Normal,0
28/12/2015 10:28:20 PM,8.381056,985.0439,Normal,0
28/12/2015 10:30:00 PM,8.381697,1006.032,Normal,0
28/12/2015 10:31:40 PM,8.447706,1010.558,Normal,0
28/12/2015 10:33:20 PM,8.446745,1009.717,Normal,0
28/12/2015 10:35:00 PM,8.448027,1009.557,Normal,0
28/12/2015 10:36:40 PM,8.448347,1009.757,Normal,0
28/12/2015 10:38:20 PM,8.448027,1009.517,Normal,0
28/12/2015 10:40:00 PM,8.447706,1005.071,Normal,0
28/12/2015 10:41:40 PM,8.447706,961.3721,Normal,0
28/12/2015 10:43:20 PM,8.447706,918.875,Normal,0
28/12/2015 10:45:00 PM,8.446745,875.1362,Normal,0
28/12/2015 10:46:40 PM,8.445784,831.4375,Normal,0
28/12/2015 10:48:20 PM,8.388426,792.1447,Normal,0
28/12/2015 10:50:00 PM,8.378813,794.668,Normal,0
28/12/2015 10:51:40 PM,8.380095,800.0753,Normal,0
28/12/2015 10:53:20 PM,8.378813,806.524,Normal,0
28/12/2015 10:55:00 PM,8.381056,812.6122,Normal,0
28/12/2015 10:56:40 PM,8.378492,816.3372,Normal,0
28/12/2015 10:58:20 PM,8.376249,823.3466,Normal,0
28/12/2015 11:00:00 PM,8.372404,825.83,Normal,0
28/12/2015 11:01:40 PM,8.379133,830.8767,Normal,0
28/12/2015 11:03:20 PM,8.374006,836.0837,Normal,0
28/12/2015 11:05:00 PM,8.378813,840.5297,Normal,0
28/12/2015 11:06:40 PM,8.37689,845.256,Normal,0
28/12/2015 11:08:20 PM,8.375288,850.5031,Normal,0
28/12/2015 11:10:00 PM,8.375929,856.0305,Normal,0
28/12/2015 11:11:40 PM,8.375929,891.3179,Normal,0
28/12/2015 11:13:20 PM,8.375288,908.7814,Normal,0
28/12/2015 11:15:00 PM,8.371443,912.4263,Normal,0
28/12/2015 11:16:40 PM,8.373686,918.9952,Normal,0
28/12/2015 11:18:20 PM,8.372084,922.3196,Normal,0
28/12/2015 11:20:00 PM,8.372404,929.289,Normal,0
28/12/2015 11:21:40 PM,8.374006,931.532,Normal,0
28/12/2015 11:23:20 PM,8.377211,937.2597,Normal,0
28/12/2015 11:25:00 PM,8.379133,941.3853,Normal,0
28/12/2015 11:26:40 PM,8.377531,945.9113,Normal,0
28/12/2015 11:28:20 PM,8.379133,951.3586,Normal,0
28/12/2015 11:30:00 PM,8.375288,956.9662,Normal,0
28/12/2015 11:31:40 PM,8.379454,959.4896,Normal,0
28/12/2015 11:33:20 PM,8.379454,964.6565,Normal,0
28/12/2015 11:35:00 PM,8.378492,969.1826,Normal,0
28/12/2015 11:36:40 PM,8.381056,974.8302,Normal,0
28/12/2015 11:38:20 PM,8.381056,979.4364,Normal,0
28/12/2015 11:40:00 PM,8.382017,983.4017,Normal,0
28/12/2015 11:41:40 PM,8.382017,988.6487,Normal,0
28/12/2015 11:43:20 PM,8.447706,1012.12,Normal,0
28/12/2015 11:45:00 PM,8.445784,1012.16,Normal,0
28/12/2015 11:46:40 PM,8.450911,1011.64,Normal,0
28/12/2015 11:48:20 PM,8.448027,1011.439,Normal,0
28/12/2015 11:50:00 PM,8.447706,1011.88,Normal,0
28/12/2015 11:51:40 PM,8.446104,1011.439,Normal,0
28/12/2015 11:53:20 PM,8.447386,992.494,Normal,0
28/12/2015 11:55:00 PM,8.447706,949.0756,Normal,0
28/12/2015 11:56:40 PM,8.447706,906.2581,Normal,0
28/12/2015 11:58:20 PM,8.451551,861.2776,Normal,0
29/12/2015 12:00:00 AM,8.443541,818.0194,Normal,0
29/12/2015 12:01:40 AM,8.372084,792.385,Normal,0
29/12/2015 12:03:20 AM,8.378492,798.353,Normal,0
29/12/2015 12:05:00 AM,8.378492,803.0793,Normal,0
29/12/2015 12:06:40 AM,8.378813,807.4052,Normal,0
29/12/2015 12:08:20 AM,8.378813,812.7724,Normal,0
29/12/2015 12:10:00 AM,8.375929,816.7377,Normal,0
29/12/2015 12:11:40 AM,8.377851,824.2278,Normal,0
29/12/2015 12:13:20 AM,8.374647,828.5936,Normal,0
29/12/2015 12:15:00 AM,8.373045,833.1598,Normal,0
29/12/2015 12:16:40 AM,8.375608,837.4055,Normal,0
29/12/2015 12:18:20 AM,8.374006,842.8127,Normal,0
29/12/2015 12:20:00 AM,8.372404,847.6192,Normal,0
29/12/2015 12:21:40 AM,8.374647,853.6674,Normal,0
29/12/2015 12:23:20 AM,8.375608,879.5021,Normal,0
29/12/2015 12:25:00 AM,8.375288,907.1793,Normal,0
29/12/2015 12:26:40 AM,8.374647,910.5839,Normal,0
29/12/2015 12:28:20 AM,8.374647,916.2715,Normal,0
29/12/2015 12:30:00 AM,8.372725,920.5172,Normal,0
29/12/2015 12:31:40 AM,8.375288,925.3237,Normal,0
29/12/2015 12:33:20 AM,8.374327,928.1274,Normal,0
29/12/2015 12:35:00 AM,8.375608,935.5374,Normal,0
29/12/2015 12:36:40 AM,8.375288,939.1022,Normal,0
29/12/2015 12:38:20 AM,8.375288,943.7084,Normal,0
29/12/2015 12:40:00 AM,8.377851,949.0756,Normal,0
29/12/2015 12:41:40 AM,8.379133,953.6818,Normal,0
29/12/2015 12:43:20 AM,8.377211,957.4869,Normal,0
29/12/2015 12:45:00 AM,8.377851,962.0129,Normal,0
29/12/2015 12:46:40 AM,8.374647,966.0584,Normal,0
29/12/2015 12:48:20 AM,8.380735,971.0651,Normal,0
29/12/2015 12:50:00 AM,8.379454,976.4724,Normal,0
29/12/2015 12:51:40 AM,8.378813,980.678,Normal,0
29/12/2015 12:53:20 AM,8.380095,986.1654,Normal,0
29/12/2015 12:55:00 AM,8.381697,1002.828,Normal,0
29/12/2015 12:56:40 AM,8.448347,1011.359,Normal,0
29/12/2015 12:58:20 AM,8.443541,1010.879,Normal,0
29/12/2015 01:00:00 AM,8.448988,1010.118,Normal,0
29/12/2015 01:01:40 AM,8.448347,1011.359,Normal,0
29/12/2015 01:03:20 AM,8.448347,1010.959,Normal,0
29/12/2015 01:05:00 AM,8.44322,1004.75,Normal,0
29/12/2015 01:06:40 AM,8.446424,963.5751,Normal,0
29/12/2015 01:08:20 AM,8.448027,921.6387,Normal,0
29/12/2015 01:10:00 AM,8.447706,876.6182,Normal,0
29/12/2015 01:11:40 AM,8.442579,832.6391,Normal,0
29/12/2015 01:13:20 AM,8.39868,788.7802,Normal,0
29/12/2015 01:15:00 AM,8.38426,793.5065,Normal,0
29/12/2015 01:16:40 AM,8.382017,800.0753,Normal,0
29/12/2015 01:18:20 AM,8.383619,803.1595,Normal,0
29/12/2015 01:20:00 AM,8.377531,810.3691,Normal,0
29/12/2015 01:21:40 AM,8.382658,816.4173,Normal,0
29/12/2015 01:23:20 AM,8.384901,820.4627,Normal,0
29/12/2015 01:25:00 AM,8.381697,825.6296,Normal,0
29/12/2015 01:26:40 AM,8.379454,829.8353,Normal,0
29/12/2015 01:28:20 AM,8.380415,835.0824,Normal,0
29/12/2015 01:30:00 AM,8.377211,840.2493,Normal,0
29/12/2015 01:31:40 AM,8.380735,844.8555,Normal,0
29/12/2015 01:33:20 AM,8.378813,851.144,Normal,0
29/12/2015 01:35:00 AM,8.377531,853.1467,Normal,0
29/12/2015 01:36:40 AM,8.378813,888.4341,Normal,0
29/12/2015 01:38:20 AM,8.379454,908.8615,Normal,0
29/12/2015 01:40:00 AM,8.377531,912.0659,Normal,0
29/12/2015 01:41:40 AM,8.378813,918.6747,Normal,0
29/12/2015 01:43:20 AM,8.379454,922.8804,Normal,0
29/12/2015 01:45:00 AM,8.383299,926.285,Normal,0
29/12/2015 01:46:40 AM,8.380415,933.3344,Normal,0
29/12/2015 01:48:20 AM,8.377851,937.1796,Normal,0
29/12/2015 01:50:00 AM,8.376249,941.5455,Normal,0
29/12/2015 01:51:40 AM,8.379454,945.7911,Normal,0
29/12/2015 01:53:20 AM,8.381056,950.5175,Normal,0
29/12/2015 01:55:00 AM,8.382017,955.0035,Normal,0
29/12/2015 01:56:40 AM,8.380415,959.4095,Normal,0
29/12/2015 01:58:20 AM,8.385221,963.535,Normal,0
29/12/2015 02:00:00 AM,8.384901,970.0237,Normal,0
29/12/2015 02:01:40 AM,8.380415,973.7487,Normal,0
29/12/2015 02:03:20 AM,8.385862,979.8369,Normal,0
29/12/2015 02:05:00 AM,8.383619,982.2802,Normal,0
29/12/2015 02:06:40 AM,8.385542,986.566,Normal,0
29/12/2015 02:08:20 AM,8.452833,1008.676,Normal,0
29/12/2015 02:10:00 AM,8.451551,1009.917,Normal,0
29/12/2015 02:11:40 AM,8.451551,1009.677,Normal,0
29/12/2015 02:13:20 AM,8.452833,1009.957,Normal,0
29/12/2015 02:15:00 AM,8.448347,1009.477,Normal,0
29/12/2015 02:16:40 AM,8.452192,1009.837,Normal,0
29/12/2015 02:18:20 AM,8.45059,996.6195,Normal,0
29/12/2015 02:20:00 AM,8.454756,952.8006,Normal,0
29/12/2015 02:21:40 AM,8.451231,909.8228,Normal,0
29/12/2015 02:23:20 AM,8.447706,865.6434,Normal,0
29/12/2015 02:25:00 AM,8.449949,819.8218,Normal,0
29/12/2015 02:26:40 AM,8.375608,789.4611,Normal,0
29/12/2015 02:28:20 AM,8.382338,794.9484,Normal,0
29/12/2015 02:30:00 AM,8.380095,800.9966,Normal,0
29/12/2015 02:31:40 AM,8.379454,804.3611,Normal,0
29/12/2015 02:33:20 AM,8.383299,810.1689,Normal,0
29/12/2015 02:35:00 AM,8.382658,817.5789,Normal,0
29/12/2015 02:36:40 AM,8.383299,821.8646,Normal,0
29/12/2015 02:38:20 AM,8.380735,826.7912,Normal,0
29/12/2015 02:40:00 AM,8.378813,829.595,Normal,0
29/12/2015 02:41:40 AM,8.380095,835.8834,Normal,0
29/12/2015 02:43:20 AM,8.378492,842.4122,Normal,0
29/12/2015 02:45:00 AM,8.377531,847.6192,Normal,0
29/12/2015 02:46:40 AM,8.377531,850.0625,Normal,0
29/12/2015 02:48:20 AM,8.377531,855.5499,Normal,0
29/12/2015 02:50:00 AM,8.378813,896.9255,Normal,0
29/12/2015 02:51:40 AM,8.377851,909.7828,Normal,0
29/12/2015 02:53:20 AM,8.377531,914.429,Normal,0
29/12/2015 02:55:00 AM,8.377211,920.2769,Normal,0
29/12/2015 02:56:40 AM,8.377211,923.8817,Normal,0
29/12/2015 02:58:20 AM,8.374647,930.1301,Normal,0
29/12/2015 03:00:00 AM,8.377851,932.1729,Normal,0
29/12/2015 03:01:40 AM,8.374327,937.6602,Normal,0
29/12/2015 03:03:20 AM,8.375608,942.7471,Normal,0
29/12/2015 03:05:00 AM,8.377211,946.7524,Normal,0
29/12/2015 03:06:40 AM,8.378492,953.5616,Normal,0
29/12/2015 03:08:20 AM,8.382658,954.8033,Normal,0
29/12/2015 03:10:00 AM,8.377211,962.0129,Normal,0
29/12/2015 03:11:40 AM,8.377851,965.9382,Normal,0
29/12/2015 03:13:20 AM,8.377851,971.4657,Normal,0
29/12/2015 03:15:00 AM,8.377851,975.1506,Normal,0
29/12/2015 03:16:40 AM,8.379454,982.0399,Normal,0
29/12/2015 03:18:20 AM,8.382338,984.9638,Normal,0
29/12/2015 03:20:00 AM,8.381056,988.8491,Normal,0
29/12/2015 03:21:40 AM,8.452513,1010.438,Normal,0
29/12/2015 03:23:20 AM,8.447386,1010.879,Normal,0
29/12/2015 03:25:00 AM,8.449308,1011.039,Normal,0
29/12/2015 03:26:40 AM,8.450911,1009.717,Normal,0
29/12/2015 03:28:20 AM,8.447706,1011.319,Normal,0
29/12/2015 03:30:00 AM,8.447386,1009.437,Normal,0
29/12/2015 03:31:40 AM,8.448347,976.3522,Normal,0
29/12/2015 03:33:20 AM,8.451551,932.5333,Normal,0
29/12/2015 03:35:00 AM,8.448027,889.0349,Normal,0
29/12/2015 03:36:40 AM,8.447386,844.6953,Normal,0
29/12/2015 03:38:20 AM,8.444822,799.9952,Normal,0
29/12/2015 03:40:00 AM,8.378492,792.9858,Normal,0
29/12/2015 03:41:40 AM,8.37689,800.596,Normal,0
29/12/2015 03:43:20 AM,8.380735,805.3224,Normal,0
29/12/2015 03:45:00 AM,8.381697,810.4493,Normal,0
29/12/2015 03:46:40 AM,8.380735,814.9753,Normal,0
29/12/2015 03:48:20 AM,8.375929,820.7431,Normal,0
29/12/2015 03:50:00 AM,8.377531,823.5869,Normal,0
29/12/2015 03:51:40 AM,8.378813,828.1531,Normal,0
29/12/2015 03:53:20 AM,8.375288,837.2453,Normal,0
29/12/2015 03:55:00 AM,8.375288,839.3281,Normal,0
29/12/2015 03:56:40 AM,8.374327,844.9356,Normal,0
29/12/2015 03:58:20 AM,8.374327,849.8622,Normal,0
29/12/2015 04:00:00 AM,8.375929,856.5112,Normal,0
29/12/2015 04:01:40 AM,8.374647,890.1965,Normal,0
29/12/2015 04:03:20 AM,8.374327,907.1793,Normal,0
29/12/2015 04:05:00 AM,8.375288,914.5091,Normal,0
29/12/2015 04:06:40 AM,8.370802,917.9938,Normal,0
29/12/2015 04:08:20 AM,8.371122,923.2008,Normal,0
29/12/2015 04:10:00 AM,8.375608,926.8457,Normal,0
29/12/2015 04:11:40 AM,8.374647,933.0941,Normal,0
29/12/2015 04:13:20 AM,8.378492,937.7804,Normal,0
29/12/2015 04:15:00 AM,8.379454,941.5054,Normal,0
29/12/2015 04:16:40 AM,8.383299,949.0756,Normal,0
29/12/2015 04:18:20 AM,8.385542,951.5589,Normal,0
29/12/2015 04:20:00 AM,8.380415,956.4055,Normal,0
29/12/2015 04:21:40 AM,8.382017,959.77,Normal,0
29/12/2015 04:23:20 AM,8.387465,965.778,Normal,0
29/12/2015 04:25:00 AM,8.385542,970.4243,Normal,0
29/12/2015 04:26:40 AM,8.39163,975.1907,Normal,0
29/12/2015 04:28:20 AM,8.388105,980.3977,Normal,0
29/12/2015 04:30:00 AM,8.390348,984.6033,Normal,0
29/12/2015 04:31:40 AM,8.390348,989.2496,Normal,0
29/12/2015 04:33:20 AM,8.456999,1011.88,Normal,0
29/12/2015 04:35:00 AM,8.459562,1011.64,Normal,0
29/12/2015 04:36:40 AM,8.45764,1011.76,Normal,0
29/12/2015 04:38:20 AM,8.454435,1011.96,Normal,0
29/12/2015 04:40:00 AM,8.455397,1012.04,Normal,0
29/12/2015 04:41:40 AM,8.454435,1012.04,Normal,0
29/12/2015 04:43:20 AM,8.458921,992.0133,Normal,0
29/12/2015 04:45:00 AM,8.45796,949.9167,Normal,0
29/12/2015 04:46:40 AM,8.456358,907.3795,Normal,0
29/12/2015 04:48:20 AM,8.457319,864.2816,Normal,0
29/12/2015 04:50:00 AM,8.454756,819.181,Normal,0
29/12/2015 04:51:40 AM,8.389708,790.903,Normal,0
29/12/2015 04:53:20 AM,8.396116,796.11,Normal,0
29/12/2015 04:55:00 AM,8.394835,801.7976,Normal,0
29/12/2015 04:56:40 AM,8.392912,806.7643,Normal,0
29/12/2015 04:58:20 AM,8.393232,814.5347,Normal,0
29/12/2015 05:00:00 AM,8.390669,817.6189,Normal,0
29/12/2015 05:01:40 AM,8.392912,822.6657,Normal,0
29/12/2015 05:03:20 AM,8.390028,826.8313,Normal,0
29/12/2015 05:05:00 AM,8.392271,832.0383,Normal,0
29/12/2015 05:06:40 AM,8.395155,839.248,Normal,0
29/12/2015 05:08:20 AM,8.394514,844.9356,Normal,0
29/12/2015 05:10:00 AM,8.392912,848.7407,Normal,0
29/12/2015 05:11:40 AM,8.395155,853.8276,Normal,0
29/12/2015 05:13:20 AM,8.397718,859.8356,Normal,0
29/12/2015 05:15:00 AM,8.397718,900.4102,Normal,0
29/12/2015 05:16:40 AM,8.393232,911.9857,Normal,0
29/12/2015 05:18:20 AM,8.398039,917.8737,Normal,0
29/12/2015 05:20:00 AM,8.390669,922.6,Normal,0
29/12/2015 05:21:40 AM,8.393553,928.6882,Normal,0
29/12/2015 05:23:20 AM,8.392271,931.5721,Normal,0
29/12/2015 05:25:00 AM,8.397078,936.2984,Normal,0
29/12/2015 05:26:40 AM,8.392271,942.0662,Normal,0
29/12/2015 05:28:20 AM,8.392271,946.6724,Normal,0
29/12/2015 05:30:00 AM,8.393232,951.4788,Normal,0
29/12/2015 05:31:40 AM,8.396116,954.1624,Normal,0
29/12/2015 05:33:20 AM,8.400923,960.0103,Normal,0
29/12/2015 05:35:00 AM,8.396437,965.3375,Normal,0
29/12/2015 05:36:40 AM,8.393873,969.8635,Normal,0
29/12/2015 05:38:20 AM,8.395475,974.0692,Normal,0
29/12/2015 05:40:00 AM,8.397078,979.5565,Normal,0
29/12/2015 05:41:40 AM,8.398359,985.4044,Normal,0
29/12/2015 05:43:20 AM,8.395475,988.8491,Normal,0
29/12/2015 05:45:00 AM,8.397078,1002.027,Normal,0
29/12/2015 05:46:40 AM,8.465971,1012.24,Normal,0
29/12/2015 05:48:20 AM,8.464369,1011.72,Normal,0
29/12/2015 05:50:00 AM,8.463408,1011.279,Normal,0
29/12/2015 05:51:40 AM,8.462446,1011.239,Normal,0
29/12/2015 05:53:20 AM,8.460844,1011.319,Normal,0
29/12/2015 05:55:00 AM,8.460203,1010.839,Normal,0
29/12/2015 05:56:40 AM,8.460844,969.3428,Normal,0
29/12/2015 05:58:20 AM,8.459242,926.6054,Normal,0
29/12/2015 06:00:00 AM,8.45764,882.3058,Normal,0
29/12/2015 06:01:40 AM,8.45764,837.2853,Normal,0
29/12/2015 06:03:20 AM,8.454435,792.5452,Normal,0
29/12/2015 06:05:00 AM,8.390669,795.2689,Normal,0
29/12/2015 06:06:40 AM,8.393232,801.1167,Normal,0
29/12/2015 06:08:20 AM,8.389708,805.3224,Normal,0
29/12/2015 06:10:00 AM,8.394835,811.6509,Normal,0
29/12/2015 06:11:40 AM,8.392271,817.6189,Normal,0
29/12/2015 06:13:20 AM,8.392271,821.2238,Normal,0
29/12/2015 06:15:00 AM,8.393232,829.8353,Normal,0
29/12/2015 06:16:40 AM,8.390348,831.8781,Normal,0
29/12/2015 06:18:20 AM,8.387144,838.6071,Normal,0
29/12/2015 06:20:00 AM,8.386824,840.4496,Normal,0
29/12/2015 06:21:40 AM,8.385862,845.3362,Normal,0
29/12/2015 06:23:20 AM,8.385862,850.9437,Normal,0
29/12/2015 06:25:00 AM,8.385542,856.8316,Normal,0
29/12/2015 06:26:40 AM,8.390028,891.1577,Normal,0
29/12/2015 06:28:20 AM,8.388746,912.2661,Normal,0
29/12/2015 06:30:00 AM,8.390028,914.6293,Normal,0
29/12/2015 06:31:40 AM,8.389708,920.9979,Normal,0
29/12/2015 06:33:20 AM,8.390028,924.1221,Normal,0
29/12/2015 06:35:00 AM,8.385221,929.4091,Normal,0
29/12/2015 06:36:40 AM,8.388426,935.0568,Normal,0
29/12/2015 06:38:20 AM,8.388105,938.261,Normal,0
29/12/2015 06:40:00 AM,8.387144,946.5522,Normal,0
29/12/2015 06:41:40 AM,8.385862,949.9968,Normal,0
29/12/2015 06:43:20 AM,8.385221,954.0022,Normal,0
29/12/2015 06:45:00 AM,8.387465,958.6885,Normal,0
29/12/2015 06:46:40 AM,8.389067,964.6565,Normal,0
29/12/2015 06:48:20 AM,8.387465,968.782,Normal,0
29/12/2015 06:50:00 AM,8.392912,973.5885,Normal,0
29/12/2015 06:51:40 AM,8.388426,979.8369,Normal,0
29/12/2015 06:53:20 AM,8.390028,984.0025,Normal,0
29/12/2015 06:55:00 AM,8.390028,988.7689,Normal,0
29/12/2015 06:56:40 AM,8.464048,1010.118,Normal,0
29/12/2015 06:58:20 AM,8.45764,1009.957,Normal,0
29/12/2015 07:00:00 AM,8.456358,1009.717,Normal,0
29/12/2015 07:01:40 AM,8.455717,1010.358,Normal,0
29/12/2015 07:03:20 AM,8.454756,1010.238,Normal,0
29/12/2015 07:05:00 AM,8.452833,1009.917,Normal,0
29/12/2015 07:06:40 AM,8.449629,985.845,Normal,0
29/12/2015 07:08:20 AM,8.450911,945.5508,Normal,0
29/12/2015 07:10:00 AM,8.452513,901.6118,Normal,0
29/12/2015 07:11:40 AM,8.452192,858.4338,Normal,0
29/12/2015 07:13:20 AM,8.454756,813.3732,Normal,0
29/12/2015 07:15:00 AM,8.388105,793.7468,Normal,0
29/12/2015 07:16:40 AM,8.387465,799.2742,Normal,0
29/12/2015 07:18:20 AM,8.390348,804.5213,Normal,0
29/12/2015 07:20:00 AM,8.382017,810.5294,Normal,0
29/12/2015 07:21:40 AM,8.387465,815.7764,Normal,0
29/12/2015 07:23:20 AM,8.385221,822.3453,Normal,0
29/12/2015 07:25:00 AM,8.383299,825.1891,Normal,0
29/12/2015 07:26:40 AM,8.38394,831.838,Normal,0
29/12/2015 07:28:20 AM,8.381697,836.4843,Normal,0
29/12/2015 07:30:00 AM,8.383299,840.0891,Normal,0
29/12/2015 07:31:40 AM,8.382658,846.5378,Normal,0
29/12/2015 07:33:20 AM,8.38426,850.6633,Normal,0
29/12/2015 07:35:00 AM,8.39163,857.0319,Normal,0
29/12/2015 07:36:40 AM,8.390028,864.7222,Normal,0
29/12/2015 07:38:20 AM,8.390028,909.1819,Normal,0
29/12/2015 07:40:00 AM,8.391951,914.0685,Normal,0
29/12/2015 07:41:40 AM,8.389708,919.8763,Normal,0
29/12/2015 07:43:20 AM,8.392271,924.6428,Normal,0
29/12/2015 07:45:00 AM,8.388105,929.249,Normal,0
29/12/2015 07:46:40 AM,8.39163,933.054,Normal,0
29/12/2015 07:48:20 AM,8.396116,938.261,Normal,0
29/12/2015 07:50:00 AM,8.392912,942.8672,Normal,0
29/12/2015 07:51:40 AM,8.396116,947.5936,Normal,0
29/12/2015 07:53:20 AM,8.396757,953.1611,Normal,0
29/12/2015 07:55:00 AM,8.396757,958.4882,Normal,0
29/12/2015 07:56:40 AM,8.396116,963.7353,Normal,0
29/12/2015 07:58:20 AM,8.396757,967.1799,Normal,0
29/12/2015 08:00:00 AM,8.397078,971.8262,Normal,0
29/12/2015 08:01:40 AM,8.397718,976.2722,Normal,0
29/12/2015 08:03:20 AM,8.396116,982.6006,Normal,0
29/12/2015 08:05:00 AM,8.400923,987.2869,Normal,0
29/12/2015 08:06:40 AM,8.432966,1009.477,Normal,0
29/12/2015 08:08:20 AM,8.464369,1011.72,Normal,0
29/12/2015 08:10:00 AM,8.463728,1011.84,Normal,0
29/12/2015 08:11:40 AM,8.470457,1011.119,Normal,0
29/12/2015 08:13:20 AM,8.470457,1011.039,Normal,0
29/12/2015 08:15:00 AM,8.463728,1011.279,Normal,0
29/12/2015 08:16:40 AM,8.470457,1005.672,Normal,0
29/12/2015 08:18:20 AM,8.468534,962.6138,Normal,0
29/12/2015 08:20:00 AM,8.467253,920.5973,Normal,0
29/12/2015 08:21:40 AM,8.468534,875.8972,Normal,0
29/12/2015 08:23:20 AM,8.470457,831.4775,Normal,0
29/12/2015 08:25:00 AM,8.406691,791.8643,Normal,0
29/12/2015 08:26:40 AM,8.398359,796.6707,Normal,0
29/12/2015 08:28:20 AM,8.397078,801.5173,Normal,0
29/12/2015 08:30:00 AM,8.397718,806.8845,Normal,0
29/12/2015 08:31:40 AM,8.400282,812.7324,Normal,0
29/12/2015 08:33:20 AM,8.400282,818.0194,Normal,0
29/12/2015 08:35:00 AM,8.396437,824.8286,Normal,0
29/12/2015 08:36:40 AM,8.394514,827.1517,Normal,0
29/12/2015 08:38:20 AM,8.395155,834.4415,Normal,0
29/12/2015 08:40:00 AM,8.396116,838.8875,Normal,0
29/12/2015 08:41:40 AM,8.395475,843.734,Normal,0
29/12/2015 08:43:20 AM,8.390669,847.2988,Normal,0
29/12/2015 08:45:00 AM,8.394514,853.5071,Normal,0
29/12/2015 08:46:40 AM,8.393232,863.1201,Normal,0
29/12/2015 08:48:20 AM,8.393232,907.1793,Normal,0
29/12/2015 08:50:00 AM,8.392271,912.2261,Normal,0
29/12/2015 08:51:40 AM,8.395475,917.6333,Normal,0
29/12/2015 08:53:20 AM,8.393553,922.6,Normal,0
29/12/2015 08:55:00 AM,8.391951,927.807,Normal,0
29/12/2015 08:56:40 AM,8.39131,932.4933,Normal,0
29/12/2015 08:58:20 AM,8.39163,937.9006,Normal,0
29/12/2015 09:00:00 AM,8.39163,940.2637,Normal,0
29/12/2015 09:01:40 AM,8.390669,945.1503,Normal,0
29/12/2015 09:03:20 AM,8.392912,950.5175,Normal,0
29/12/2015 09:05:00 AM,8.390669,953.2813,Normal,0
29/12/2015 09:06:40 AM,8.393553,959.0089,Normal,0
29/12/2015 09:08:20 AM,8.393873,965.5377,Normal,0
29/12/2015 09:10:00 AM,8.397078,969.2627,Normal,0
29/12/2015 09:11:40 AM,8.397078,975.1907,Normal,0
29/12/2015 09:13:20 AM,8.391951,979.7969,Normal,0
29/12/2015 09:15:00 AM,8.395155,983.2014,Normal,0
29/12/2015 09:16:40 AM,8.394514,991.6528,Normal,0
29/12/2015 09:18:20 AM,8.465651,1009.517,Normal,0
29/12/2015 09:20:00 AM,8.460844,1010.118,Normal,0
29/12/2015 09:21:40 AM,8.461805,1010.158,Normal,0
29/12/2015 09:23:20 AM,8.460844,1009.317,Normal,0
29/12/2015 09:25:00 AM,8.466612,1009.076,Normal,0
29/12/2015 09:26:40 AM,8.465651,1010.879,Normal,0
29/12/2015 09:28:20 AM,8.466932,976.4324,Normal,0
29/12/2015 09:30:00 AM,8.464048,933.0941,Normal,0
29/12/2015 09:31:40 AM,8.463728,888.9948,Normal,0
29/12/2015 09:33:20 AM,8.464048,846.4176,Normal,0
29/12/2015 09:35:00 AM,8.464048,800.7162,Normal,0
29/12/2015 09:36:40 AM,8.399961,792.7455,Normal,0
29/12/2015 09:38:20 AM,8.399961,798.7135,Normal,0
29/12/2015 09:40:00 AM,8.399641,805.7229,Normal,0
29/12/2015 09:41:40 AM,8.39868,807.9258,Normal,0
29/12/2015 09:43:20 AM,8.399321,814.6549,Normal,0
29/12/2015 09:45:00 AM,8.39868,820.8633,Normal,0
29/12/2015 09:46:40 AM,8.39868,827.7926,Normal,0
29/12/2015 09:48:20 AM,8.401564,831.798,Normal,0
29/12/2015 09:50:00 AM,8.396437,837.6859,Normal,0
29/12/2015 09:51:40 AM,8.398359,842.0918,Normal,0
29/12/2015 09:53:20 AM,8.400282,845.7367,Normal,0
29/12/2015 09:55:00 AM,8.398359,853.1467,Normal,0
29/12/2015 09:56:40 AM,8.39868,856.1507,Normal,0
29/12/2015 09:58:20 AM,8.398359,883.3472,Normal,0
29/12/2015 10:00:00 AM,8.402525,912.907,Normal,0
29/12/2015 10:01:40 AM,8.402845,916.1113,Normal,0
29/12/2015 10:03:20 AM,8.399641,920.0766,Normal,0
29/12/2015 10:05:00 AM,8.399321,925.6441,Normal,0
29/12/2015 10:06:40 AM,8.404768,929.289,Normal,0
29/12/2015 10:08:20 AM,8.403166,935.4573,Normal,0
29/12/2015 10:10:00 AM,8.401884,939.9433,Normal,0
29/12/2015 10:11:40 AM,8.401884,945.1102,Normal,0
29/12/2015 10:13:20 AM,8.402845,947.7939,Normal,0
29/12/2015 10:15:00 AM,8.403166,952.9208,Normal,0
29/12/2015 10:16:40 AM,8.404127,958.9689,Normal,0
29/12/2015 10:18:20 AM,8.40637,964.9369,Normal,0
29/12/2015 10:20:00 AM,8.406691,968.3415,Normal,0
29/12/2015 10:21:40 AM,8.409895,971.9463,Normal,0
29/12/2015 10:23:20 AM,8.402845,979.4764,Normal,0
29/12/2015 10:25:00 AM,8.407652,983.0012,Normal,0
29/12/2015 10:26:40 AM,8.407331,986.2455,Normal,0
29/12/2015 10:28:20 AM,8.430082,1006.513,Normal,0
29/12/2015 10:30:00 AM,8.476545,1009.357,Normal,0
29/12/2015 10:31:40 AM,8.473982,1009.236,Normal,0
29/12/2015 10:33:20 AM,8.474943,1009.276,Normal,0
29/12/2015 10:35:00 AM,8.476545,1010.158,Normal,0
29/12/2015 10:36:40 AM,8.478788,1009.156,Normal,0
29/12/2015 10:38:20 AM,8.474623,1006.673,Normal,0
29/12/2015 10:40:00 AM,8.47238,962.7339,Normal,0
29/12/2015 10:41:40 AM,8.473341,919.7161,Normal,0
29/12/2015 10:43:20 AM,8.473661,877.219,Normal,0
29/12/2015 10:45:00 AM,8.474943,833.2399,Normal,0
29/12/2015 10:46:40 AM,8.429121,791.3436,Normal,0
29/12/2015 10:48:20 AM,8.404127,796.3503,Normal,0
29/12/2015 10:50:00 AM,8.401243,802.2783,Normal,0
29/12/2015 10:51:40 AM,8.400282,807.285,Normal,0
29/12/2015 10:53:20 AM,8.402525,812.3718,Normal,0
29/12/2015 10:55:00 AM,8.403166,816.2571,Normal,0
29/12/2015 10:56:40 AM,8.405088,821.3439,Normal,0
29/12/2015 10:58:20 AM,8.404127,829.0342,Normal,0
29/12/2015 11:00:00 AM,8.397078,834.762,Normal,0
29/12/2015 11:01:40 AM,8.399961,838.4469,Normal,0
29/12/2015 11:03:20 AM,8.398359,842.0518,Normal,0
29/12/2015 11:05:00 AM,8.396757,848.9009,Normal,0
29/12/2015 11:06:40 AM,8.395475,852.1453,Normal,0
29/12/2015 11:08:20 AM,8.396437,859.0345,Normal,0
29/12/2015 11:10:00 AM,8.391951,898.5276,Normal,0
29/12/2015 11:11:40 AM,8.394835,909.222,Attack,1
29/12/2015 11:13:20 AM,8.395475,915.6707,Attack,1
29/12/2015 11:15:00 AM,8.393873,920.2769,Attack,1
29/12/2015 11:16:40 AM,8.398039,925.4438,Normal,0
29/12/2015 11:18:20 AM,8.398359,930.5707,Normal,0
29/12/2015 11:20:00 AM,8.399641,934.0554,Normal,0
29/12/2015 11:21:40 AM,8.40605,938.7017,Normal,0
29/12/2015 11:23:20 AM,8.40637,944.5895,Normal,0
29/12/2015 11:25:00 AM,8.407972,950.5976,Normal,0
29/12/2015 11:26:40 AM,8.409895,954.9235,Normal,0
29/12/2015 11:28:20 AM,8.409895,958.5684,Normal,0
29/12/2015 11:30:00 AM,8.412779,964.7767,Normal,0
29/12/2015 11:31:40 AM,8.417585,970.1439,Normal,0
29/12/2015 11:33:20 AM,8.412458,974.5498,Normal,0
29/12/2015 11:35:00 AM,8.417585,981.1987,Normal,0
29/12/2015 11:36:40 AM,8.416945,984.9638,Attack,1
29/12/2015 11:38:20 AM,8.418867,987.2869,Attack,1
29/12/2015 11:40:00 AM,8.42111,996.8998,Attack,1
29/12/2015 11:41:40 AM,8.485837,1012.24,Attack,1
29/12/2015 11:43:20 AM,8.482634,1011.479,Normal,0
29/12/2015 11:45:00 AM,8.486157,1011.52,Normal,0
29/12/2015 11:46:40 AM,8.482634,1011.279,Normal,0
29/12/2015 11:48:20 AM,8.491284,1011.159,Normal,0
29/12/2015 11:50:00 AM,8.48808,1011.239,Normal,0
29/12/2015 11:51:40 AM,8.482634,976.0318,Normal,0
29/12/2015 11:53:20 AM,8.484876,933.2543,Normal,0
29/12/2015 11:55:00 AM,8.483274,888.7946,Normal,0
29/12/2015 11:56:40 AM,8.482954,845.1359,Normal,0
29/12/2015 11:58:20 AM,8.418547,764.3627,Attack,1
29/12/2015 12:00:00 PM,8.415983,673.3627,Attack,1
29/12/2015 12:01:40 PM,8.414061,580.3627,Attack,1
29/12/2015 12:03:20 PM,8.412458,825.149,Normal,0
29/12/2015 12:05:00 PM,8.418547,830.3961,Normal,0
29/12/2015 12:06:40 PM,8.417265,834.081,Normal,0
29/12/2015 12:08:20 PM,8.416304,838.9276,Normal,0
29/12/2015 12:10:00 PM,8.418867,844.5351,Normal,0
29/12/2015 12:11:40 PM,8.415342,852.8262,Normal,0
29/12/2015 12:13:20 PM,8.410856,856.5112,Normal,0
29/12/2015 12:15:00 PM,8.41374,862.5593,Normal,0
29/12/2015 12:16:40 PM,8.410536,867.6862,Normal,0
29/12/2015 12:18:20 PM,8.411177,871.3311,Normal,0
29/12/2015 12:20:00 PM,8.410856,874.4152,Normal,0
29/12/2015 12:21:40 PM,8.409575,909.5024,Normal,0
29/12/2015 12:23:20 PM,8.409575,930.8511,Normal,0
29/12/2015 12:25:00 PM,8.406691,933.8952,Normal,0
29/12/2015 12:26:40 PM,8.408934,937.7003,Normal,0
29/12/2015 12:28:20 PM,8.410536,943.6683,Normal,0
29/12/2015 12:30:00 PM,8.412458,950.157,Normal,0
29/12/2015 12:31:40 PM,8.409575,954.1624,Normal,0
29/12/2015 12:33:20 PM,8.409254,957.9275,Normal,0
29/12/2015 12:35:00 PM,8.410856,962.8541,Normal,0
29/12/2015 12:36:40 PM,8.410536,970.8248,Normal,0
29/12/2015 12:38:20 PM,8.407652,972.2667,Normal,0
29/12/2015 12:40:00 PM,8.413099,977.634,Normal,0
29/12/2015 12:41:40 PM,8.409254,982.6407,Normal,0
29/12/2015 12:43:20 PM,8.415663,988.088,Normal,0
29/12/2015 12:45:00 PM,8.414381,994.0961,Normal,0
29/12/2015 12:46:40 PM,8.411177,998.9426,Normal,0
29/12/2015 12:48:20 PM,8.48007,967.9409,Normal,0
29/12/2015 12:50:00 PM,8.475264,923.8417,Normal,0
29/12/2015 12:51:40 PM,8.481352,891.5983,Normal,0
29/12/2015 12:53:20 PM,8.481352,892.4395,Normal,0
29/12/2015 12:55:00 PM,8.478468,892.3594,Normal,0
29/12/2015 12:56:40 PM,8.476545,892.5596,Normal,0
29/12/2015 12:58:20 PM,8.484235,891.9988,Normal,0
29/12/2015 01:00:00 PM,8.474943,893.7612,Normal,0
29/12/2015 01:01:40 PM,8.480391,891.4381,Normal,0
29/12/2015 01:03:20 PM,8.473661,849.5018,Normal,0
29/12/2015 01:05:00 PM,8.47975,804.5213,Normal,0
29/12/2015 01:06:40 PM,8.407652,791.4637,Normal,0
29/12/2015 01:08:20 PM,8.40637,800.1555,Normal,0
29/12/2015 01:10:00 PM,8.401884,804.6815,Normal,0
29/12/2015 01:11:40 PM,8.408934,808.9272,Normal,0
29/12/2015 01:13:20 PM,8.410856,815.8565,Normal,0
29/12/2015 01:15:00 PM,8.40637,820.6229,Normal,0
29/12/2015 01:16:40 PM,8.407652,826.0703,Normal,0
29/12/2015 01:18:20 PM,8.405729,829.9955,Normal,0
29/12/2015 01:20:00 PM,8.405088,832.4789,Normal,0
29/12/2015 01:21:40 PM,8.405088,840.4496,Normal,0
29/12/2015 01:23:20 PM,8.407331,845.4963,Normal,0
29/12/2015 01:25:00 PM,8.409895,849.3015,Normal,0
29/12/2015 01:26:40 PM,8.410856,854.869,Normal,0
29/12/2015 01:28:20 PM,8.409254,861.0773,Normal,0
29/12/2015 01:30:00 PM,8.409895,865.1628,Normal,0
29/12/2015 01:31:40 PM,8.409575,870.8104,Normal,0
29/12/2015 01:33:20 PM,8.410536,895.5236,Normal,0
29/12/2015 01:35:00 PM,8.414061,923.5212,Normal,0
29/12/2015 01:36:40 PM,8.409575,927.847,Normal,0
29/12/2015 01:38:20 PM,8.411177,932.3731,Normal,0
29/12/2015 01:40:00 PM,8.412458,936.0581,Normal,0
29/12/2015 01:41:40 PM,8.410856,941.946,Normal,0
29/12/2015 01:43:20 PM,8.412458,948.1143,Normal,0
29/12/2015 01:45:00 PM,8.41374,953.3213,Normal,0
29/12/2015 01:46:40 PM,8.415663,956.806,Normal,0
29/12/2015 01:48:20 PM,8.416945,962.9742,Normal,0
29/12/2015 01:50:00 PM,8.417585,968.8622,Normal,0
29/12/2015 01:51:40 PM,8.414061,972.0264,Normal,0
29/12/2015 01:53:20 PM,8.417585,974.4697,Normal,0
29/12/2015 01:55:00 PM,8.42079,980.2375,Normal,0
29/12/2015 01:56:40 PM,8.418867,986.8464,Normal,0
29/12/2015 01:58:20 PM,8.416945,989.4899,Normal,0
29/12/2015 02:00:00 PM,8.420469,995.6582,Normal,0
29/12/2015 02:01:40 PM,8.420149,1001.266,Normal,0
29/12/2015 02:03:20 PM,8.484876,995.9385,Normal,0
29/12/2015 02:05:00 PM,8.481031,996.7396,Normal,0
29/12/2015 02:06:40 PM,8.482634,995.538,Normal,0
29/12/2015 02:08:20 PM,8.485196,996.8198,Normal,0
29/12/2015 02:10:00 PM,8.47975,996.7396,Normal,0
29/12/2015 02:11:40 PM,8.493207,996.3391,Normal,0
29/12/2015 02:13:20 PM,8.486798,972.5471,Normal,0
29/12/2015 02:15:00 PM,8.486478,929.8898,Normal,0
29/12/2015 02:16:40 PM,8.485196,886.7919,Normal,0
29/12/2015 02:18:20 PM,8.486157,843.8141,Normal,0
29/12/2015 02:20:00 PM,8.486798,798.5132,Normal,0
29/12/2015 02:21:40 PM,8.418547,793.9871,Normal,0
29/12/2015 02:23:20 PM,8.416304,798.0726,Normal,0
29/12/2015 02:25:00 PM,8.416304,804.321,Normal,0
29/12/2015 02:26:40 PM,8.417265,810.249,Normal,0
29/12/2015 02:28:20 PM,8.418547,815.6563,Normal,0
29/12/2015 02:30:00 PM,8.415983,821.0235,Normal,0
29/12/2015 02:31:40 PM,8.417265,825.9501,Normal,0
29/12/2015 02:33:20 PM,8.409895,830.5963,Normal,0
29/12/2015 02:35:00 PM,8.410536,834.6017,Normal,0
29/12/2015 02:36:40 PM,8.40637,841.3307,Normal,0
29/12/2015 02:38:20 PM,8.405088,846.698,Attack,1
29/12/2015 02:40:00 PM,8.40637,852.2654,Attack,1
29/12/2015 02:41:40 PM,8.410856,856.6313,Attack,1
29/12/2015 02:43:20 PM,8.404448,880.9841,Attack,1
29/12/2015 02:45:00 PM,8.407652,930.0901,Attack,1
29/12/2015 02:46:40 PM,8.403486,976.2321,Attack,1
29/12/2015 02:48:20 PM,8.464048,1011.64,Attack,1
29/12/2015 02:50:00 PM,8.463408,1011.239,Attack,1
29/12/2015 02:51:40 PM,8.470457,1005.672,Normal,0
29/12/2015 02:53:20 PM,8.471739,962.814,Normal,0
29/12/2015 02:55:00 PM,8.47238,917.8336,Normal,0
29/12/2015 02:56:40 PM,8.471418,876.3779,Normal,0
29/12/2015 02:58:20 PM,8.476866,831.3574,Normal,0
29/12/2015 03:00:00 PM,8.442579,788.5799,Normal,0
29/12/2015 03:01:40 PM,8.409895,793.9471,Normal,0
29/12/2015 03:03:20 PM,8.411177,800.596,Normal,0
29/12/2015 03:05:00 PM,8.408934,805.1622,Normal,0
29/12/2015 03:06:40 PM,8.406691,809.4078,Normal,0
29/12/2015 03:08:20 PM,8.403486,816.4573,Normal,0
29/12/2015 03:10:00 PM,8.406691,821.7444,Normal,0
29/12/2015 03:11:40 PM,8.402845,828.0329,Normal,0
29/12/2015 03:13:20 PM,8.404127,830.5563,Normal,0
29/12/2015 03:15:00 PM,8.397078,836.9649,Normal,0
29/12/2015 03:16:40 PM,8.396437,842.5324,Normal,0
29/12/2015 03:18:20 PM,8.400923,846.738,Normal,0
29/12/2015 03:20:00 PM,8.396757,850.6633,Normal,0
29/12/2015 03:21:40 PM,8.395155,856.0305,Normal,0
29/12/2015 03:23:20 PM,8.396116,882.5461,Normal,0
29/12/2015 03:25:00 PM,8.395475,911.3048,Normal,0
29/12/2015 03:26:40 PM,8.395155,914.429,Normal,0
29/12/2015 03:28:20 PM,8.395475,919.7161,Normal,0
29/12/2015 03:30:00 PM,8.396437,923.2809,Normal,0
29/12/2015 03:31:40 PM,8.395475,928.528,Normal,0
29/12/2015 03:33:20 PM,8.398039,934.3358,Normal,0
29/12/2015 03:35:00 PM,8.392271,939.0621,Normal,0
29/12/2015 03:36:40 PM,8.395155,943.468,Normal,0
29/12/2015 03:38:20 PM,8.401884,946.9928,Normal,0
29/12/2015 03:40:00 PM,8.401884,950.7979,Normal,0
29/12/2015 03:41:40 PM,8.401564,959.1291,Normal,0
29/12/2015 03:43:20 PM,8.39868,961.3721,Normal,0
29/12/2015 03:45:00 PM,8.402845,963.5751,Normal,0
29/12/2015 03:46:40 PM,8.404768,972.2667,Normal,0
29/12/2015 03:48:20 PM,8.402845,973.5485,Normal,0
29/12/2015 03:50:00 PM,8.40637,982.2402,Normal,0
29/12/2015 03:51:40 PM,8.402525,987.4071,Normal,0
29/12/2015 03:53:20 PM,8.405729,989.57,Normal,0
29/12/2015 03:55:00 PM,8.416304,1006.913,Normal,0
29/12/2015 03:56:40 PM,8.471418,997.8211,Normal,0
29/12/2015 03:58:20 PM,8.472059,954.8033,Normal,0
29/12/2015 04:00:00 PM,8.468534,911.9857,Normal,0
29/12/2015 04:01:40 PM,8.478788,867.8865,Normal,0
29/12/2015 04:03:20 PM,8.478148,823.0662,Normal,0
29/12/2015 04:05:00 PM,8.405729,790.5425,Normal,0
29/12/2015 04:06:40 PM,8.40637,797.3917,Normal,0
29/12/2015 04:08:20 PM,8.411497,801.7175,Normal,0
29/12/2015 04:10:00 PM,8.40637,808.1262,Normal,0
29/12/2015 04:11:40 PM,8.40637,812.1315,Normal,0
29/12/2015 04:13:20 PM,8.40605,817.8592,Normal,0
29/12/2015 04:15:00 PM,8.404127,822.7458,Normal,0
29/12/2015 04:16:40 PM,8.405729,827.6324,Normal,0
29/12/2015 04:18:20 PM,8.396757,832.6391,Normal,0
29/12/2015 04:20:00 PM,8.398039,881.5448,Normal,0
29/12/2015 04:21:40 PM,8.39163,932.0527,Normal,0
29/12/2015 04:23:20 PM,8.394514,978.4351,Normal,0
29/12/2015 04:25:00 PM,8.454435,1011.119,Normal,0
29/12/2015 04:26:40 PM,8.461805,1010.959,Normal,0
29/12/2015 04:28:20 PM,8.456358,1011.079,Normal,0
29/12/2015 04:30:00 PM,8.456038,977.2334,Normal,0
29/12/2015 04:31:40 PM,8.462126,933.6949,Normal,0
29/12/2015 04:33:20 PM,8.459562,890.1965,Normal,0
29/12/2015 04:35:00 PM,8.456999,846.1372,Normal,0
29/12/2015 04:36:40 PM,8.458601,802.5587,Normal,0
29/12/2015 04:38:20 PM,8.387465,792.2648,Normal,0
29/12/2015 04:40:00 PM,8.384901,796.9511,Normal,0
29/12/2015 04:41:40 PM,8.384901,802.7189,Normal,0
29/12/2015 04:43:20 PM,8.384901,809.9686,Normal,0
29/12/2015 04:45:00 PM,8.380415,813.4133,Normal,0
29/12/2015 04:46:40 PM,8.382658,821.424,Normal,0
29/12/2015 04:48:20 PM,8.379133,826.5509,Normal,0
29/12/2015 04:50:00 PM,8.375608,828.5936,Normal,0
29/12/2015 04:51:40 PM,8.375608,835.0023,Normal,0
29/12/2015 04:53:20 PM,8.372725,839.3281,Normal,0
29/12/2015 04:55:00 PM,8.372725,845.0558,Normal,0
29/12/2015 04:56:40 PM,8.369841,850.423,Normal,0
29/12/2015 04:58:20 PM,8.372725,855.63,Normal,0
29/12/2015 05:00:00 PM,8.367277,871.9719,Normal,0
29/12/2015 05:01:40 PM,8.36952,910.3836,Normal,0
29/12/2015 05:03:20 PM,8.369841,913.1072,Normal,0
29/12/2015 05:05:00 PM,8.370802,918.1941,Normal,0
29/12/2015 05:06:40 PM,8.370802,923.2008,Normal,0
29/12/2015 05:08:20 PM,8.373686,929.2089,Normal,0
29/12/2015 05:10:00 PM,8.376249,934.0955,Normal,0
29/12/2015 05:11:40 PM,8.37689,938.3011,Normal,0
29/12/2015 05:13:20 PM,8.377211,941.986,Normal,0
29/12/2015 05:15:00 PM,8.38426,946.8726,Normal,0
29/12/2015 05:16:40 PM,8.383619,953.3213,Normal,0
29/12/2015 05:18:20 PM,8.385221,956.7259,Normal,0
29/12/2015 05:20:00 PM,8.384901,962.814,Normal,0
29/12/2015 05:21:40 PM,8.388746,967.5804,Normal,0
29/12/2015 05:23:20 PM,8.390028,970.3442,Normal,0
29/12/2015 05:25:00 PM,8.388746,975.9918,Normal,0
29/12/2015 05:26:40 PM,8.39163,980.4778,Normal,0
29/12/2015 05:28:20 PM,8.396757,985.084,Normal,0
29/12/2015 05:30:00 PM,8.397078,991.4525,Normal,0
29/12/2015 05:31:40 PM,8.455397,1013.282,Normal,0
29/12/2015 05:33:20 PM,8.469175,1012.561,Normal,0
29/12/2015 05:35:00 PM,8.470137,1013.122,Normal,0
29/12/2015 05:36:40 PM,8.468534,1012.761,Normal,0
29/12/2015 05:38:20 PM,8.469175,1013.122,Normal,0
29/12/2015 05:40:00 PM,8.468855,1012.12,Normal,0
29/12/2015 05:41:40 PM,8.469175,996.4993,Normal,0
29/12/2015 05:43:20 PM,8.470457,954.4027,Normal,0
29/12/2015 05:45:00 PM,8.468214,910.704,Normal,0
29/12/2015 05:46:40 PM,8.471418,866.2843,Normal,0
29/12/2015 05:48:20 PM,8.464369,821.9847,Normal,0
29/12/2015 05:50:00 PM,8.402845,790.9431,Normal,0
29/12/2015 05:51:40 PM,8.402845,796.3503,Normal,0
29/12/2015 05:53:20 PM,8.398039,803.1995,Normal,0
29/12/2015 05:55:00 PM,8.399641,807.6055,Normal,0
29/12/2015 05:56:40 PM,8.398359,814.2544,Normal,0
29/12/2015 05:58:20 PM,8.396757,817.0181,Normal,0
29/12/2015 06:00:00 PM,8.395155,822.145,Normal,0
29/12/2015 06:01:40 PM,8.395475,828.7939,Normal,0
29/12/2015 06:03:20 PM,8.393553,833.6004,Normal,0
29/12/2015 06:05:00 PM,8.392271,839.0477,Normal,0
29/12/2015 06:06:40 PM,8.389067,842.1318,Normal,0
29/12/2015 06:08:20 PM,8.388746,849.5018,Normal,0
29/12/2015 06:10:00 PM,8.389708,851.905,Normal,0
29/12/2015 06:11:40 PM,8.388746,861.0773,Attack,1
29/12/2015 06:13:20 PM,8.389708,906.979,Attack,1
29/12/2015 06:15:00 PM,8.386503,912.186,Attack,1
29/12/2015 06:16:40 PM,8.386503,917.9938,Attack,1
29/12/2015 06:18:20 PM,8.388105,924.8831,Attack,1
29/12/2015 06:20:00 PM,8.388746,926.6855,Attack,1
29/12/2015 06:21:40 PM,8.388426,931.9726,Attack,1
29/12/2015 06:23:20 PM,8.389067,937.1395,Normal,0
29/12/2015 06:25:00 PM,8.388746,940.7844,Normal,0
29/12/2015 06:26:40 PM,8.39131,946.5121,Normal,0
29/12/2015 06:28:20 PM,8.391951,951.7592,Normal,0
29/12/2015 06:30:00 PM,8.392271,956.9662,Attack,1
29/12/2015 06:31:40 PM,8.391951,963.8555,Attack,1
29/12/2015 06:33:20 PM,8.395475,965.738,Attack,1
29/12/2015 06:35:00 PM,8.398039,972.7474,Attack,1
29/12/2015 06:36:40 PM,8.395475,975.2307,Attack,1
29/12/2015 06:38:20 PM,8.400282,980.7582,Attack,1
29/12/2015 06:40:00 PM,8.401564,987.6074,Attack,1
29/12/2015 06:41:40 PM,8.399961,991.4926,Attack,1
29/12/2015 06:43:20 PM,8.39868,995.4178,Normal,0
29/12/2015 06:45:00 PM,8.470457,1010.638,Normal,0
29/12/2015 06:46:40 PM,8.466932,974.3495,Normal,0
29/12/2015 06:48:20 PM,8.470137,931.7323,Normal,0
29/12/2015 06:50:00 PM,8.463728,888.2338,Normal,0
29/12/2015 06:51:40 PM,8.473661,843.8942,Normal,0
29/12/2015 06:53:20 PM,8.473341,800.1955,Normal,0
29/12/2015 06:55:00 PM,8.405729,795.3489,Normal,0
29/12/2015 06:56:40 PM,8.409575,797.6721,Normal,0
29/12/2015 06:58:20 PM,8.402845,816.7377,Normal,0
29/12/2015 07:00:00 PM,8.404448,866.2843,Normal,0
29/12/2015 07:01:40 PM,8.403166,913.9083,Normal,0
29/12/2015 07:03:20 PM,8.401884,961.9729,Normal,0
29/12/2015 07:05:00 PM,8.404127,1007.314,Normal,0
29/12/2015 07:06:40 PM,8.468855,1010.959,Normal,0
29/12/2015 07:08:20 PM,8.468534,1010.278,Normal,0
29/12/2015 07:10:00 PM,8.464369,966.3788,Normal,0
29/12/2015 07:11:40 PM,8.471418,925.2035,Normal,0
29/12/2015 07:13:20 PM,8.465971,880.0228,Normal,0
29/12/2015 07:15:00 PM,8.468534,836.1638,Normal,0
29/12/2015 07:16:40 PM,8.468214,790.2621,Normal,0
29/12/2015 07:18:20 PM,8.41374,792.5051,Normal,0
29/12/2015 07:20:00 PM,8.414381,797.1113,Normal,0
29/12/2015 07:21:40 PM,8.414061,802.9993,Normal,0
29/12/2015 07:23:20 PM,8.414381,808.8471,Normal,0
29/12/2015 07:25:00 PM,8.41374,814.4547,Normal,0
29/12/2015 07:26:40 PM,8.394835,817.9393,Normal,0
29/12/2015 07:28:20 PM,8.39163,824.7885,Normal,0
29/12/2015 07:30:00 PM,8.392271,830.0356,Normal,0
29/12/2015 07:31:40 PM,8.396116,834.6017,Normal,0
29/12/2015 07:33:20 PM,8.387144,839.2079,Normal,0
29/12/2015 07:35:00 PM,8.390028,843.6138,Normal,0
29/12/2015 07:36:40 PM,8.388426,849.3416,Normal,0
29/12/2015 07:38:20 PM,8.387465,855.2294,Normal,0
29/12/2015 07:40:00 PM,8.384901,894.1217,Normal,0
29/12/2015 07:41:40 PM,8.388426,907.4997,Normal,0
29/12/2015 07:43:20 PM,8.388105,912.5865,Normal,0
29/12/2015 07:45:00 PM,8.383619,918.6747,Normal,0
29/12/2015 07:46:40 PM,8.383619,923.0806,Normal,0
29/12/2015 07:48:20 PM,8.387144,927.4866,Normal,0
29/12/2015 07:50:00 PM,8.387465,931.5721,Normal,0
29/12/2015 07:51:40 PM,8.392271,937.7804,Normal,0
29/12/2015 07:53:20 PM,8.391951,941.7858,Normal,0
29/12/2015 07:55:00 PM,8.392271,946.7925,Normal,0
29/12/2015 07:56:40 PM,8.395155,951.9194,Normal,0
29/12/2015 07:58:20 PM,8.39163,956.5657,Normal,0
29/12/2015 08:00:00 PM,8.396116,962.5737,Normal,0
29/12/2015 08:01:40 PM,8.399321,965.778,Normal,0
29/12/2015 08:03:20 PM,8.405729,971.5458,Normal,0
29/12/2015 08:05:00 PM,8.40637,975.9918,Normal,0
29/12/2015 08:06:40 PM,8.405088,980.678,Normal,0
29/12/2015 08:08:20 PM,8.400923,986.0052,Normal,0
29/12/2015 08:10:00 PM,8.404768,990.4913,Normal,0
29/12/2015 08:11:40 PM,8.476225,1010.718,Normal,0
29/12/2015 08:13:20 PM,8.478148,1009.557,Normal,0
29/12/2015 08:15:00 PM,8.474943,1009.036,Normal,0
29/12/2015 08:16:40 PM,8.477186,1010.558,Normal,0
29/12/2015 08:18:20 PM,8.470457,1009.717,Normal,0
29/12/2015 08:20:00 PM,8.475264,1009.877,Normal,0
29/12/2015 08:21:40 PM,8.472059,991.5327,Normal,0
29/12/2015 08:23:20 PM,8.473341,948.9554,Normal,0
29/12/2015 08:25:00 PM,8.467573,906.7787,Normal,0
29/12/2015 08:26:40 PM,8.478148,862.7596,Normal,0
29/12/2015 08:28:20 PM,8.472059,818.3799,Normal,0
29/12/2015 08:30:00 PM,8.405729,792.6653,Normal,0
29/12/2015 08:31:40 PM,8.404768,796.7108,Normal,0
29/12/2015 08:33:20 PM,8.404768,801.3971,Normal,0
29/12/2015 08:35:00 PM,8.401564,808.8471,Normal,0
29/12/2015 08:36:40 PM,8.40605,813.0127,Normal,0
29/12/2015 08:38:20 PM,8.400282,820.0622,Normal,0
29/12/2015 08:40:00 PM,8.398039,824.388,Normal,0
29/12/2015 08:41:40 PM,8.405729,829.7552,Normal,0
29/12/2015 08:43:20 PM,8.400282,834.4816,Normal,0
29/12/2015 08:45:00 PM,8.401564,839.3281,Normal,0
29/12/2015 08:46:40 PM,8.400282,841.6512,Normal,0
29/12/2015 08:48:20 PM,8.400282,850.423,Normal,0
29/12/2015 08:50:00 PM,8.396757,854.0679,Normal,0
29/12/2015 08:51:40 PM,8.397718,862.1588,Normal,0
29/12/2015 08:53:20 PM,8.389708,905.1766,Normal,0
29/12/2015 08:55:00 PM,8.396757,915.3102,Normal,0
29/12/2015 08:56:40 PM,8.399961,919.6761,Normal,0
29/12/2015 08:58:20 PM,8.398039,925.0433,Normal,0
29/12/2015 09:00:00 PM,8.401243,928.0873,Normal,0
29/12/2015 09:01:40 PM,8.393232,932.9739,Normal,0
29/12/2015 09:03:20 PM,8.393232,939.4626,Normal,0
29/12/2015 09:05:00 PM,8.400923,943.5882,Normal,0
29/12/2015 09:06:40 PM,8.396757,949.2759,Normal,0
29/12/2015 09:08:20 PM,8.401564,952.9208,Normal,0
29/12/2015 09:10:00 PM,8.404768,959.4896,Normal,0
29/12/2015 09:11:40 PM,8.39868,964.7366,Normal,0
29/12/2015 09:13:20 PM,8.402845,968.1412,Normal,0
29/12/2015 09:15:00 PM,8.406691,972.9877,Normal,0
29/12/2015 09:16:40 PM,8.40637,976.6326,Normal,0
29/12/2015 09:18:20 PM,8.408934,980.7982,Normal,0
29/12/2015 09:20:00 PM,8.409254,988.4885,Normal,0
29/12/2015 09:21:40 PM,8.415663,993.295,Normal,0
29/12/2015 09:23:20 PM,8.432005,996.4593,Normal,0
29/12/2015 09:25:00 PM,8.491605,1011.56,Normal,0
29/12/2015 09:26:40 PM,8.48776,1011.84,Normal,0
29/12/2015 09:28:20 PM,8.481352,1011.359,Normal,0
29/12/2015 09:30:00 PM,8.481031,1012.04,Normal,0
29/12/2015 09:31:40 PM,8.4884,1011.239,Normal,0
29/12/2015 09:33:20 PM,8.480391,1010.919,Normal,0
29/12/2015 09:35:00 PM,8.483595,985.9651,Normal,0
29/12/2015 09:36:40 PM,8.481352,942.2664,Normal,0
29/12/2015 09:38:20 PM,8.484235,897.5263,Normal,0
29/12/2015 09:40:00 PM,8.484555,853.7074,Normal,0
29/12/2015 09:41:40 PM,8.484555,809.4479,Normal,0
29/12/2015 09:43:20 PM,8.440977,792.4651,Normal,0
29/12/2015 09:45:00 PM,8.444181,798.9538,Normal,0
29/12/2015 09:46:40 PM,8.4429,804.0807,Normal,0
29/12/2015 09:48:20 PM,8.436491,810.2089,Normal,0
29/12/2015 09:50:00 PM,8.42816,817.0582,Normal,0
29/12/2015 09:51:40 PM,8.427198,821.3439,Normal,0
29/12/2015 09:53:20 PM,8.426878,827.352,Normal,0
29/12/2015 09:55:00 PM,8.422071,831.5576,Normal,0
29/12/2015 09:56:40 PM,8.422712,836.0436,Normal,0
29/12/2015 09:58:20 PM,8.422712,841.7313,Normal,0
29/12/2015 10:00:00 PM,8.420469,847.0585,Normal,0
29/12/2015 10:01:40 PM,8.421751,852.3055,Normal,0
29/12/2015 10:03:20 PM,8.422071,859.2749,Normal,0
29/12/2015 10:05:00 PM,8.422071,873.7343,Normal,0
29/12/2015 10:06:40 PM,8.419188,911.6252,Normal,0
29/12/2015 10:08:20 PM,8.419508,915.1099,Normal,0
29/12/2015 10:10:00 PM,8.422071,921.9191,Normal,0
29/12/2015 10:11:40 PM,8.422712,927.2462,Normal,0
29/12/2015 10:13:20 PM,8.421751,931.3718,Normal,0
29/12/2015 10:15:00 PM,8.422071,937.7804,Normal,0
29/12/2015 10:16:40 PM,8.423353,942.8672,Normal,0
29/12/2015 10:18:20 PM,8.422712,947.6737,Normal,0
29/12/2015 10:20:00 PM,8.428801,951.6791,Normal,0
29/12/2015 10:21:40 PM,8.425917,956.7659,Normal,0
29/12/2015 10:23:20 PM,8.424955,962.9342,Normal,0
29/12/2015 10:25:00 PM,8.425917,966.2186,Normal,0
29/12/2015 10:26:40 PM,8.42816,971.666,Normal,0
29/12/2015 10:28:20 PM,8.430403,975.9517,Normal,0
29/12/2015 10:30:00 PM,8.432325,982.08,Normal,0
29/12/2015 10:31:40 PM,8.430082,986.2856,Normal,0
29/12/2015 10:33:20 PM,8.436171,992.1334,Normal,0
29/12/2015 10:35:00 PM,8.431364,995.2576,Normal,0
29/12/2015 10:36:40 PM,8.5025,994.016,Normal,0
29/12/2015 10:38:20 PM,8.504102,994.8972,Normal,0
29/12/2015 10:40:00 PM,8.506024,995.0574,Normal,0
29/12/2015 10:41:40 PM,8.50282,994.9372,Normal,0
29/12/2015 10:43:20 PM,8.5025,995.0974,Normal,0
29/12/2015 10:45:00 PM,8.505704,994.2964,Normal,0
29/12/2015 10:46:40 PM,8.503461,995.0173,Normal,0
29/12/2015 10:48:20 PM,8.505063,957.3667,Normal,0
29/12/2015 10:50:00 PM,8.505383,915.0699,Normal,0
29/12/2015 10:51:40 PM,8.49545,871.0908,Normal,0
29/12/2015 10:53:20 PM,8.501859,827.2318,Normal,0
29/12/2015 10:55:00 PM,8.429121,788.5398,Normal,0
29/12/2015 10:56:40 PM,8.434568,795.7896,Attack,1
29/12/2015 10:58:20 PM,8.432325,799.074,Attack,1
29/12/2015 11:00:00 PM,8.432966,805.002,Attack,1
29/12/2015 11:01:40 PM,8.433287,811.01,Attack,1
29/12/2015 11:03:20 PM,8.42848,817.0582,Normal,0
29/12/2015 11:05:00 PM,8.430723,820.7431,Normal,0
29/12/2015 11:06:40 PM,8.422392,828.834,Normal,0
29/12/2015 11:08:20 PM,8.425596,833.6004,Normal,0
29/12/2015 11:10:00 PM,8.436811,839.248,Normal,0
29/12/2015 11:11:40 PM,8.437773,842.4122,Normal,0
29/12/2015 11:13:20 PM,8.43553,848.1399,Normal,0
29/12/2015 11:15:00 PM,8.43553,853.5071,Normal,0
29/12/2015 11:16:40 PM,8.42111,857.3123,Normal,0
29/12/2015 11:18:20 PM,8.415663,882.9067,Normal,0
29/12/2015 11:20:00 PM,8.418867,912.4263,Normal,0
29/12/2015 11:21:40 PM,8.416304,917.2328,Normal,0
29/12/2015 11:23:20 PM,8.412458,920.9177,Normal,0
29/12/2015 11:25:00 PM,8.414701,925.4037,Normal,0
29/12/2015 11:26:40 PM,8.415342,932.6535,Normal,0
29/12/2015 11:28:20 PM,8.414701,935.2971,Normal,0
29/12/2015 11:30:00 PM,8.415983,941.9059,Normal,0
29/12/2015 11:31:40 PM,8.416945,946.7524,Normal,0
29/12/2015 11:33:20 PM,8.417265,952.36,Normal,0
29/12/2015 11:35:00 PM,8.414381,956.6858,Normal,0
29/12/2015 11:36:40 PM,8.419188,960.8514,Normal,0
29/12/2015 11:38:20 PM,8.414701,966.2587,Normal,0
29/12/2015 11:40:00 PM,8.418547,985.4044,Normal,0
29/12/2015 11:41:40 PM,8.494168,1009.236,Normal,0
29/12/2015 11:43:20 PM,8.489362,1009.477,Normal,0
29/12/2015 11:45:00 PM,8.48808,1009.957,Normal,0
29/12/2015 11:46:40 PM,8.490964,1009.677,Normal,0
29/12/2015 11:48:20 PM,8.4884,1009.717,Normal,0
29/12/2015 11:50:00 PM,8.481672,1005.912,Normal,0
29/12/2015 11:51:40 PM,8.480391,963.5751,Normal,0
29/12/2015 11:53:20 PM,8.4884,919.636,Normal,0
29/12/2015 11:55:00 PM,8.483274,875.777,Normal,0
29/12/2015 11:56:40 PM,8.48776,831.8781,Normal,0
29/12/2015 11:58:20 PM,8.431364,787.5385,Normal,0
30/12/2015 12:00:00 AM,8.422392,796.1901,Normal,0
30/12/2015 12:01:40 AM,8.42111,799.5546,Normal,0
30/12/2015 12:03:20 AM,8.417265,805.4826,Normal,0
30/12/2015 12:05:00 AM,8.422071,812.6522,Normal,0
30/12/2015 12:06:40 AM,8.414701,815.9366,Normal,0
30/12/2015 12:08:20 AM,8.417265,823.1864,Normal,0
30/12/2015 12:10:00 AM,8.412779,826.5509,Normal,0
30/12/2015 12:11:40 AM,8.414381,831.6778,Normal,0
30/12/2015 12:13:20 AM,8.412458,838.4869,Normal,0
30/12/2015 12:15:00 AM,8.408293,842.7327,Normal,0
30/12/2015 12:16:40 AM,8.409895,848.1399,Normal,0
30/12/2015 12:18:20 AM,8.410536,854.4684,Normal,0
30/12/2015 12:20:00 AM,8.406691,857.7529,Normal,0
30/12/2015 12:21:40 AM,8.405729,889.9161,Normal,0
30/12/2015 12:23:20 AM,8.409575,911.8255,Normal,0
30/12/2015 12:25:00 AM,8.409254,915.911,Normal,0
30/12/2015 12:26:40 AM,8.408934,921.3984,Normal,0
30/12/2015 12:28:20 AM,8.410536,925.8844,Normal,0
30/12/2015 12:30:00 AM,8.415983,930.2903,Normal,0
30/12/2015 12:31:40 AM,8.407331,937.0995,Normal,0
30/12/2015 12:33:20 AM,8.405088,940.7444,Normal,0
30/12/2015 12:35:00 AM,8.406691,945.5909,Normal,0
30/12/2015 12:36:40 AM,8.41374,950.6777,Normal,0
30/12/2015 12:38:20 AM,8.410856,954.5629,Normal,0
30/12/2015 12:40:00 AM,8.418867,959.5697,Normal,0
30/12/2015 12:41:40 AM,8.42111,965.2573,Normal,0
30/12/2015 12:43:20 AM,8.425276,970.3842,Normal,0
30/12/2015 12:45:00 AM,8.425917,975.8315,Normal,0
30/12/2015 12:46:40 AM,8.433607,979.877,Normal,0
30/12/2015 12:48:20 AM,8.436171,983.562,Normal,0
30/12/2015 12:50:00 AM,8.45796,988.9692,Normal,0
30/12/2015 12:51:40 AM,8.465971,1009.276,Normal,0
30/12/2015 12:53:20 AM,8.508588,1014.083,Normal,0
30/12/2015 12:55:00 AM,8.504102,1013.642,Normal,0
30/12/2015 12:56:40 AM,8.508267,1014.123,Normal,0
30/12/2015 12:58:20 AM,8.504102,1013.322,Normal,0
30/12/2015 01:00:00 AM,8.503461,1014.564,Normal,0
30/12/2015 01:01:40 AM,8.505063,1006.953,Normal,0
30/12/2015 01:03:20 AM,8.506024,963.535,Normal,0
30/12/2015 01:05:00 AM,8.505063,921.9191,Normal,0
30/12/2015 01:06:40 AM,8.504422,878.3005,Normal,0
30/12/2015 01:08:20 AM,8.5025,833.8807,Normal,0
30/12/2015 01:10:00 AM,8.483274,792.1046,Normal,0
30/12/2015 01:11:40 AM,8.462767,794.588,Normal,0
30/12/2015 01:13:20 AM,8.451551,799.5546,Normal,0
30/12/2015 01:15:00 AM,8.446424,806.2036,Normal,0
30/12/2015 01:16:40 AM,8.447386,811.01,Normal,0
30/12/2015 01:18:20 AM,8.446424,816.3773,Normal,0
30/12/2015 01:20:00 AM,8.44322,821.424,Normal,0
30/12/2015 01:21:40 AM,8.445143,824.7485,Normal,0
30/12/2015 01:23:20 AM,8.438093,830.5963,Normal,0
30/12/2015 01:25:00 AM,8.440016,837.5657,Normal,0
30/12/2015 01:26:40 AM,8.439695,843.8942,Normal,0
30/12/2015 01:28:20 AM,8.439375,848.0198,Normal,0
30/12/2015 01:30:00 AM,8.439375,851.8649,Normal,0
30/12/2015 01:31:40 AM,8.438734,859.1547,Normal,0
30/12/2015 01:33:20 AM,8.441298,902.8134,Normal,0
30/12/2015 01:35:00 AM,8.440336,909.0618,Normal,0
30/12/2015 01:36:40 AM,8.44322,915.1901,Normal,0
30/12/2015 01:38:20 AM,8.438734,918.835,Normal,0
30/12/2015 01:40:00 AM,8.439375,924.6428,Normal,0
30/12/2015 01:41:40 AM,8.441938,929.4492,Normal,0
30/12/2015 01:43:20 AM,8.444822,959.8901,Attack,1
30/12/2015 01:45:00 AM,8.468855,1005.872,Attack,1
30/12/2015 01:46:40 AM,8.518842,1008.556,Attack,1
30/12/2015 01:48:20 AM,8.515317,1009.357,Attack,1
30/12/2015 01:50:00 AM,8.509229,1009.477,Attack,1
30/12/2015 01:51:40 AM,8.508588,1008.836,Attack,1
30/12/2015 01:53:20 AM,8.513074,1008.515,Attack,1
30/12/2015 01:55:00 AM,8.51051,1007.074,Normal,0
30/12/2015 01:56:40 AM,8.511472,975.3509,Normal,0
30/12/2015 01:58:20 AM,8.507306,931.6522,Normal,0
30/12/2015 02:00:00 AM,8.508908,889.3954,Normal,0
30/12/2015 02:01:40 AM,8.51019,845.5364,Normal,0
30/12/2015 02:03:20 AM,8.505063,800.3156,Normal,0
30/12/2015 02:05:00 AM,8.440336,793.6667,Normal,0
30/12/2015 02:06:40 AM,8.441298,799.9151,Normal,0
30/12/2015 02:08:20 AM,8.439695,803.7603,Normal,0
30/12/2015 02:10:00 AM,8.444502,810.5294,Normal,0
30/12/2015 02:11:40 AM,8.441298,815.456,Normal,0
30/12/2015 02:13:20 AM,8.444502,822.145,Normal,0
30/12/2015 02:15:00 AM,8.44322,826.9915,Normal,0
30/12/2015 02:16:40 AM,8.4429,830.5563,Normal,0
30/12/2015 02:18:20 AM,8.438414,834.6017,Normal,0
30/12/2015 02:20:00 AM,8.440016,839.4883,Normal,0
30/12/2015 02:21:40 AM,8.436171,845.8168,Normal,0
30/12/2015 02:23:20 AM,8.438734,851.2241,Normal,0
30/12/2015 02:25:00 AM,8.454115,858.5539,Normal,0
30/12/2015 02:26:40 AM,8.456999,887.593,Normal,0
30/12/2015 02:28:20 AM,8.457319,908.6212,Normal,0
30/12/2015 02:30:00 AM,8.452833,915.2701,Normal,0
30/12/2015 02:31:40 AM,8.442579,921.118,Normal,0
30/12/2015 02:33:20 AM,8.4429,922.6,Normal,0
30/12/2015 02:35:00 AM,8.439375,927.7269,Normal,0
30/12/2015 02:36:40 AM,8.437132,934.3358,Normal,0
30/12/2015 02:38:20 AM,8.44322,938.7817,Normal,0
30/12/2015 02:40:00 AM,8.44322,944.0688,Normal,0
30/12/2015 02:41:40 AM,8.4429,948.7551,Normal,0
30/12/2015 02:43:20 AM,8.445784,954.5629,Normal,0
30/12/2015 02:45:00 AM,8.444822,959.0891,Normal,0
30/12/2015 02:46:40 AM,8.450911,965.0571,Normal,0
30/12/2015 02:48:20 AM,8.446424,968.9824,Normal,0
30/12/2015 02:50:00 AM,8.453794,973.9891,Normal,0
30/12/2015 02:51:40 AM,8.453154,979.2361,Normal,0
30/12/2015 02:53:20 AM,8.449949,985.1641,Normal,0
30/12/2015 02:55:00 AM,8.451551,989.61,Normal,0
30/12/2015 02:56:40 AM,8.451551,992.6542,Normal,0
30/12/2015 02:58:20 AM,8.527493,1008.956,Normal,0
30/12/2015 03:00:00 AM,8.526211,986.8464,Normal,0
30/12/2015 03:01:40 AM,8.52589,946.1517,Normal,0
30/12/2015 03:03:20 AM,8.523647,903.3741,Normal,0
30/12/2015 03:05:00 AM,8.522687,860.877,Normal,0
30/12/2015 03:06:40 AM,8.522046,815.1756,Normal,0
30/12/2015 03:08:20 AM,8.454435,791.0632,Normal,0
30/12/2015 03:10:00 AM,8.460203,795.1888,Normal,0
30/12/2015 03:11:40 AM,8.453154,802.1581,Normal,0
30/12/2015 03:13:20 AM,8.453794,808.9673,Normal,0
30/12/2015 03:15:00 AM,8.455397,814.5748,Normal,0
30/12/2015 03:16:40 AM,8.449308,817.4186,Normal,0
30/12/2015 03:18:20 AM,8.446424,824.2278,Normal,0
30/12/2015 03:20:00 AM,8.446424,829.1945,Normal,0
30/12/2015 03:21:40 AM,8.444822,835.563,Normal,0
30/12/2015 03:23:20 AM,8.449629,839.3281,Normal,0
30/12/2015 03:25:00 AM,8.444822,846.4176,Normal,0
30/12/2015 03:26:40 AM,8.444502,851.0638,Normal,0
30/12/2015 03:28:20 AM,8.444502,856.5112,Normal,0
30/12/2015 03:30:00 AM,8.438734,870.3298,Normal,0
30/12/2015 03:31:40 AM,8.445784,908.8215,Normal,0
30/12/2015 03:33:20 AM,8.443541,915.871,Normal,0
30/12/2015 03:35:00 AM,8.441618,919.5959,Normal,0
30/12/2015 03:36:40 AM,8.438734,926.9258,Normal,0
30/12/2015 03:38:20 AM,8.438414,929.8497,Normal,0
30/12/2015 03:40:00 AM,8.443541,933.775,Normal,0
30/12/2015 03:41:40 AM,8.440977,939.9033,Normal,0
30/12/2015 03:43:20 AM,8.443541,944.189,Normal,0
30/12/2015 03:45:00 AM,8.441938,948.3546,Normal,0
30/12/2015 03:46:40 AM,8.441618,953.9221,Normal,0
30/12/2015 03:48:20 AM,8.449949,960.7713,Normal,0
30/12/2015 03:50:00 AM,8.469175,963.7353,Normal,0
30/12/2015 03:51:40 AM,8.477827,969.2627,Normal,0
30/12/2015 03:53:20 AM,8.480391,974.6299,Normal,0
30/12/2015 03:55:00 AM,8.481672,979.9971,Normal,0
30/12/2015 03:56:40 AM,8.48776,996.2189,Normal,0
30/12/2015 03:58:20 AM,8.536785,1012.16,Normal,0
30/12/2015 04:00:00 AM,8.537106,1012.08,Normal,0
30/12/2015 04:01:40 AM,8.537426,1011.72,Normal,0
30/12/2015 04:03:20 AM,8.537426,1011.84,Normal,0
30/12/2015 04:05:00 AM,8.53294,1011.84,Normal,0
30/12/2015 04:06:40 AM,8.536785,1010.758,Normal,0
30/12/2015 04:08:20 AM,8.529736,967.7807,Normal,0
30/12/2015 04:10:00 AM,8.529095,926.0446,Normal,0
30/12/2015 04:11:40 AM,8.531017,881.5448,Normal,0
30/12/2015 04:13:20 AM,8.531338,838.4469,Normal,0
30/12/2015 04:15:00 AM,8.527813,792.9057,Normal,0
30/12/2015 04:16:40 AM,8.471418,792.7455,Normal,0
30/12/2015 04:18:20 AM,8.473341,800.5159,Normal,0
30/12/2015 04:20:00 AM,8.474623,805.1622,Normal,0
30/12/2015 04:21:40 AM,8.476545,808.6068,Normal,0
30/12/2015 04:23:20 AM,8.475264,815.6162,Normal,0
30/12/2015 04:25:00 AM,8.468534,821.5442,Normal,0
30/12/2015 04:26:40 AM,8.47238,826.1504,Normal,0
30/12/2015 04:28:20 AM,8.470137,830.2759,Normal,0
30/12/2015 04:30:00 AM,8.467573,835.9636,Normal,0
30/12/2015 04:31:40 AM,8.468855,841.2106,Normal,0
30/12/2015 04:33:20 AM,8.468855,846.8582,Normal,0
30/12/2015 04:35:00 AM,8.467573,851.6246,Normal,0
30/12/2015 04:36:40 AM,8.468534,858.7141,Normal,0
30/12/2015 04:38:20 AM,8.471739,902.8535,Normal,0
30/12/2015 04:40:00 AM,8.470457,911.3048,Normal,0
30/12/2015 04:41:40 AM,8.467253,916.9124,Normal,0
30/12/2015 04:43:20 AM,8.468534,921.6387,Normal,0
30/12/2015 04:45:00 AM,8.468534,925.2435,Normal,0
30/12/2015 04:46:40 AM,8.468855,929.6895,Normal,0
30/12/2015 04:48:20 AM,8.470778,936.3384,Normal,0
30/12/2015 04:50:00 AM,8.471418,941.7858,Normal,0
30/12/2015 04:51:40 AM,8.473982,945.8713,Normal,0
30/12/2015 04:53:20 AM,8.47238,951.3987,Normal,0
30/12/2015 04:55:00 AM,8.469175,953.4014,Normal,0
30/12/2015 04:56:40 AM,8.474623,961.8527,Normal,0
30/12/2015 04:58:20 AM,8.474623,965.0571,Normal,0
30/12/2015 05:00:00 AM,8.475584,969.8235,Normal,0
30/12/2015 05:01:40 AM,8.478148,974.9504,Normal,0
30/12/2015 05:03:20 AM,8.478468,981.0385,Normal,0
30/12/2015 05:05:00 AM,8.47975,985.0038,Normal,0
30/12/2015 05:06:40 AM,8.481352,991.1321,Normal,0
30/12/2015 05:08:20 AM,8.540951,1010.638,Normal,0
30/12/2015 05:10:00 AM,8.556973,1009.757,Normal,0
30/12/2015 05:11:40 AM,8.55505,1010.678,Normal,0
30/12/2015 05:13:20 AM,8.551525,1009.757,Normal,0
30/12/2015 05:15:00 AM,8.549923,1010.839,Normal,0
30/12/2015 05:16:40 AM,8.55537,1011.52,Normal,0
30/12/2015 05:18:20 AM,8.545757,1000.264,Normal,0
30/12/2015 05:20:00 AM,8.547359,959.5697,Normal,0
30/12/2015 05:21:40 AM,8.548321,916.7121,Normal,0
30/12/2015 05:23:20 AM,8.549603,872.773,Normal,0
30/12/2015 05:25:00 AM,8.552166,828.6337,Normal,0
30/12/2015 05:26:40 AM,8.481672,790.6627,Normal,0
30/12/2015 05:28:20 AM,8.498013,795.389,Normal,0
30/12/2015 05:30:00 AM,8.496091,800.2756,Normal,0
30/12/2015 05:31:40 AM,8.498013,805.8831,Normal,0
30/12/2015 05:33:20 AM,8.498654,812.7724,Normal,0
30/12/2015 05:35:00 AM,8.496411,818.2197,Normal,0
30/12/2015 05:36:40 AM,8.49545,823.0262,Normal,0
30/12/2015 05:38:20 AM,8.476225,828.2732,Normal,0
30/12/2015 05:40:00 AM,8.474943,833.8807,Normal,0
30/12/2015 05:41:40 AM,8.467573,839.248,Normal,0
30/12/2015 05:43:20 AM,8.467573,844.6152,Normal,0
30/12/2015 05:45:00 AM,8.469175,848.8609,Normal,0
30/12/2015 05:46:40 AM,8.468214,855.63,Normal,0
30/12/2015 05:48:20 AM,8.473661,861.558,Normal,0
30/12/2015 05:50:00 AM,8.471739,898.8481,Normal,0
30/12/2015 05:51:40 AM,8.46533,913.8683,Normal,0
30/12/2015 05:53:20 AM,8.473982,918.2341,Normal,0
30/12/2015 05:55:00 AM,8.470137,922.5199,Normal,0
30/12/2015 05:56:40 AM,8.46533,929.8898,Normal,0
30/12/2015 05:58:20 AM,8.46501,934.496,Normal,0
30/12/2015 06:00:00 AM,8.464369,938.4613,Normal,0
30/12/2015 06:01:40 AM,8.470457,944.4694,Normal,0
30/12/2015 06:03:20 AM,8.466932,948.7551,Normal,0
30/12/2015 06:05:00 AM,8.467573,954.9635,Normal,0
30/12/2015 06:06:40 AM,8.470778,958.1277,Normal,0
30/12/2015 06:08:20 AM,8.47238,963.9355,Normal,0
30/12/2015 06:10:00 AM,8.475264,968.2213,Normal,0
30/12/2015 06:11:40 AM,8.472059,974.3896,Normal,0
30/12/2015 06:13:20 AM,8.472059,977.1934,Normal,0
30/12/2015 06:15:00 AM,8.47238,981.0786,Normal,0
30/12/2015 06:16:40 AM,8.475584,986.8063,Normal,0
30/12/2015 06:18:20 AM,8.473982,993.2549,Normal,0
30/12/2015 06:20:00 AM,8.55505,1010.278,Normal,0
30/12/2015 06:21:40 AM,8.548321,1010.718,Normal,0
30/12/2015 06:23:20 AM,8.549923,1010.839,Normal,0
30/12/2015 06:25:00 AM,8.549603,1010.758,Normal,0
30/12/2015 06:26:40 AM,8.54063,1009.757,Normal,0
30/12/2015 06:28:20 AM,8.54063,1010.358,Normal,0
30/12/2015 06:30:00 AM,8.547039,990.0907,Normal,0
30/12/2015 06:31:40 AM,8.543514,947.0729,Normal,0
30/12/2015 06:33:20 AM,8.543514,904.9763,Normal,0
30/12/2015 06:35:00 AM,8.538708,860.9171,Normal,0
30/12/2015 06:36:40 AM,8.542233,815.8565,Normal,0
30/12/2015 06:38:20 AM,8.468214,791.1433,Normal,0
30/12/2015 06:40:00 AM,8.473982,798.2729,Normal,0
30/12/2015 06:41:40 AM,8.469175,804.2809,Normal,0
30/12/2015 06:43:20 AM,8.471739,808.5267,Normal,0
30/12/2015 06:45:00 AM,8.472059,815.1356,Normal,0
30/12/2015 06:46:40 AM,8.468214,820.9434,Normal,0
30/12/2015 06:48:20 AM,8.470137,825.6296,Normal,0
30/12/2015 06:50:00 AM,8.464369,827.7525,Normal,0
30/12/2015 06:51:40 AM,8.465651,832.1985,Normal,0
30/12/2015 06:53:20 AM,8.461164,839.1278,Normal,0
30/12/2015 06:55:00 AM,8.45796,845.0958,Normal,0
30/12/2015 06:56:40 AM,8.477827,852.0652,Normal,0
30/12/2015 06:58:20 AM,8.478468,855.3096,Normal,0
30/12/2015 07:00:00 AM,8.478788,869.5287,Normal,0
30/12/2015 07:01:40 AM,8.478468,908.7013,Normal,0
30/12/2015 07:03:20 AM,8.478468,915.911,Normal,0
30/12/2015 07:05:00 AM,8.465651,918.915,Normal,0
30/12/2015 07:06:40 AM,8.468214,923.4011,Normal,0
30/12/2015 07:08:20 AM,8.470137,928.4078,Normal,0
30/12/2015 07:10:00 AM,8.47238,934.536,Normal,0
30/12/2015 07:11:40 AM,8.476225,939.0621,Normal,0
30/12/2015 07:13:20 AM,8.478148,944.6697,Normal,0
30/12/2015 07:15:00 AM,8.48007,949.396,Normal,0
30/12/2015 07:16:40 AM,8.481672,954.0823,Normal,0
30/12/2015 07:18:20 AM,8.483274,958.6084,Normal,0
30/12/2015 07:20:00 AM,8.484876,964.5364,Normal,0
30/12/2015 07:21:40 AM,8.486798,969.9436,Normal,0
30/12/2015 07:23:20 AM,8.489682,972.3869,Normal,0
30/12/2015 07:25:00 AM,8.489041,978.3549,Normal,0
30/12/2015 07:26:40 AM,8.484555,983.9625,Normal,0
30/12/2015 07:28:20 AM,8.492887,988.4485,Normal,0
30/12/2015 07:30:00 AM,8.492246,992.8945,Normal,0
30/12/2015 07:31:40 AM,8.570751,1010.879,Normal,0
30/12/2015 07:33:20 AM,8.566586,1012.281,Normal,0
30/12/2015 07:35:00 AM,8.567226,1010.839,Normal,0
30/12/2015 07:36:40 AM,8.566586,1011.479,Normal,0
30/12/2015 07:38:20 AM,8.56979,1010.078,Normal,0
30/12/2015 07:40:00 AM,8.567226,1011.119,Normal,0
30/12/2015 07:41:40 AM,8.569469,991.1321,Normal,0
30/12/2015 07:43:20 AM,8.565945,948.675,Normal,0
30/12/2015 07:45:00 AM,8.566586,905.1766,Normal,0
30/12/2015 07:46:40 AM,8.572674,860.2762,Normal,0
30/12/2015 07:48:20 AM,8.566586,817.6189,Normal,0
30/12/2015 07:50:00 AM,8.486798,788.2995,Normal,0
30/12/2015 07:51:40 AM,8.491605,799.114,Normal,0
30/12/2015 07:53:20 AM,8.494168,802.5587,Normal,0
30/12/2015 07:55:00 AM,8.489041,806.3638,Normal,0
30/12/2015 07:56:40 AM,8.491284,813.3732,Normal,0
30/12/2015 07:58:20 AM,8.48776,818.1396,Normal,0
30/12/2015 08:00:00 AM,8.490644,825.3493,Normal,0
30/12/2015 08:01:40 AM,8.486798,830.356,Normal,0
30/12/2015 08:03:20 AM,8.4884,836.2039,Normal,0
30/12/2015 08:05:00 AM,8.48776,839.8087,Normal,0
30/12/2015 08:06:40 AM,8.485196,843.9343,Normal,0
30/12/2015 08:08:20 AM,8.486798,850.2628,Normal,0
30/12/2015 08:10:00 AM,8.483595,855.7501,Normal,0
30/12/2015 08:11:40 AM,8.484555,862.7596,Normal,0
30/12/2015 08:13:20 AM,8.503781,907.019,Normal,0
30/12/2015 08:15:00 AM,8.505063,913.9884,Normal,0
30/12/2015 08:16:40 AM,8.484235,919.7962,Normal,0
30/12/2015 08:18:20 AM,8.485196,925.8043,Normal,0
30/12/2015 08:20:00 AM,8.48808,929.5293,Normal,0
30/12/2015 08:21:40 AM,8.480391,934.4559,Normal,0
30/12/2015 08:23:20 AM,8.484235,938.7417,Normal,0
30/12/2015 08:25:00 AM,8.485837,943.0675,Normal,0
30/12/2015 08:26:40 AM,8.481672,950.0769,Normal,0
30/12/2015 08:28:20 AM,8.480391,954.7632,Normal,0
30/12/2015 08:30:00 AM,8.478788,959.6898,Normal,0
30/12/2015 08:31:40 AM,8.484876,964.1358,Normal,0
30/12/2015 08:33:20 AM,8.486157,970.9449,Normal,0
30/12/2015 08:35:00 AM,8.482634,973.6286,Normal,0
30/12/2015 08:36:40 AM,8.486798,979.8369,Normal,0
30/12/2015 08:38:20 AM,8.482954,986.0853,Normal,0
30/12/2015 08:40:00 AM,8.484876,991.012,Normal,0
30/12/2015 08:41:40 AM,8.48808,1000.905,Normal,0
30/12/2015 08:43:20 AM,8.561779,1011.359,Normal,0
30/12/2015 08:45:00 AM,8.560177,1011.279,Normal,0
30/12/2015 08:46:40 AM,8.56274,1010.718,Normal,0
30/12/2015 08:48:20 AM,8.566265,1011.119,Normal,0
30/12/2015 08:50:00 AM,8.564663,1011.439,Normal,0
30/12/2015 08:51:40 AM,8.560177,1011.119,Normal,0
30/12/2015 08:53:20 AM,8.56274,975.7915,Normal,0
30/12/2015 08:55:00 AM,8.565945,932.1729,Normal,0
30/12/2015 08:56:40 AM,8.560177,887.9935,Normal,0
30/12/2015 08:58:20 AM,8.565624,843.4136,Normal,0
30/12/2015 09:00:00 AM,8.561779,800.1555,Normal,0
30/12/2015 09:01:40 AM,8.500257,793.907,Normal,0
30/12/2015 09:03:20 AM,8.5025,797.3517,Normal,0
30/12/2015 09:05:00 AM,8.503781,805.9633,Normal,0
30/12/2015 09:06:40 AM,8.506024,808.4065,Normal,0
30/12/2015 09:08:20 AM,8.505063,817.1783,Normal,0
30/12/2015 09:10:00 AM,8.504422,820.5829,Normal,0
30/12/2015 09:11:40 AM,8.484555,827.352,Normal,0
30/12/2015 09:13:20 AM,8.481031,831.2773,Normal,0
30/12/2015 09:15:00 AM,8.478148,837.045,Normal,0
30/12/2015 09:16:40 AM,8.479429,842.6926,Normal,0
30/12/2015 09:18:20 AM,8.478788,846.4977,Normal,0
30/12/2015 09:20:00 AM,8.475584,850.9036,Normal,0
30/12/2015 09:21:40 AM,8.481993,857.7128,Normal,0
30/12/2015 09:23:20 AM,8.481993,880.9039,Normal,0
30/12/2015 09:25:00 AM,8.483595,911.8655,Normal,0
30/12/2015 09:26:40 AM,8.483595,916.4317,Normal,0
30/12/2015 09:28:20 AM,8.486478,920.317,Normal,0
30/12/2015 09:30:00 AM,8.485837,924.7228,Normal,0
30/12/2015 09:31:40 AM,8.485837,931.532,Normal,0
30/12/2015 09:33:20 AM,8.48808,936.5388,Normal,0
30/12/2015 09:35:00 AM,8.484235,940.7444,Normal,0
30/12/2015 09:36:40 AM,8.48776,945.4708,Normal,0
30/12/2015 09:38:20 AM,8.4884,950.3573,Normal,0
30/12/2015 09:40:00 AM,8.4884,953.6818,Normal,0
30/12/2015 09:41:40 AM,8.490003,961.1318,Normal,0
30/12/2015 09:43:20 AM,8.489362,964.5364,Normal,0
30/12/2015 09:45:00 AM,8.490003,971.3455,Normal,0
30/12/2015 09:46:40 AM,8.492566,977.5939,Normal,0
30/12/2015 09:48:20 AM,8.490644,981.5593,Normal,0
30/12/2015 09:50:00 AM,8.493848,987.2869,Normal,0
30/12/2015 09:51:40 AM,8.493207,991.7329,A ttack,0
30/12/2015 09:53:20 AM,8.561459,1009.517,Attack,1
30/12/2015 09:55:00 AM,8.571072,1011.279,Attack,1
30/12/2015 09:56:40 AM,8.572674,1011.479,Normal,0
30/12/2015 09:58:20 AM,8.576839,1011.52,Normal,0
30/12/2015 10:00:00 AM,8.573956,1011.239,Normal,0
30/12/2015 10:01:40 AM,8.572353,1011.239,Normal,0
30/12/2015 10:03:20 AM,8.570751,1011.079,Attack,1
30/12/2015 10:05:00 AM,8.576839,1011.319,Attack,1
30/12/2015 10:06:40 AM,8.581966,1011.439,Attack,1
30/12/2015 10:08:20 AM,8.572033,1011.319,Attack,1
30/12/2015 10:10:00 AM,8.573956,1011.359,Attack,1
30/12/2015 10:11:40 AM,8.575237,1011.359,Attack,1
30/12/2015 10:13:20 AM,8.571072,977.2334,Normal,0
30/12/2015 10:15:00 AM,8.57716,933.9753,Normal,0
30/12/2015 10:16:40 AM,8.570751,889.7959,Normal,0
30/12/2015 10:18:20 AM,8.580044,845.6165,Normal,0
30/12/2015 10:20:00 AM,8.572674,801.3571,Normal,0
30/12/2015 10:21:40 AM,8.484555,795.5092,Normal,0
30/12/2015 10:23:20 AM,8.489041,798.7135,Normal,0
30/12/2015 10:25:00 AM,8.486798,806.2036,Normal,0
30/12/2015 10:26:40 AM,8.487439,811.3705,Normal,0
30/12/2015 10:28:20 AM,8.503461,816.2571,Normal,0
30/12/2015 10:30:00 AM,8.506986,823.1864,Normal,0
30/12/2015 10:31:40 AM,8.508588,827.4321,Normal,0
30/12/2015 10:33:20 AM,8.508588,830.9568,Normal,0
30/12/2015 10:35:00 AM,8.508267,838.0463,Normal,0
30/12/2015 10:36:40 AM,8.486478,842.6926,Normal,0
30/12/2015 10:38:20 AM,8.480391,849.7421,Normal,0
30/12/2015 10:40:00 AM,8.483274,852.666,Normal,0
30/12/2015 10:41:40 AM,8.482634,857.7128,Normal,0
30/12/2015 10:43:20 AM,8.484235,883.147,Normal,0
30/12/2015 10:45:00 AM,8.47975,911.7855,Normal,0
30/12/2015 10:46:40 AM,8.483274,917.3129,Normal,0
30/12/2015 10:48:20 AM,8.478148,922.0392,Normal,0
30/12/2015 10:50:00 AM,8.474623,928.0473,Normal,0
30/12/2015 10:51:40 AM,8.478788,931.6922,Normal,0
30/12/2015 10:53:20 AM,8.478468,936.4586,Normal,0
30/12/2015 10:55:00 AM,8.478148,941.1049,Normal,0
30/12/2015 10:56:40 AM,8.48007,947.7939,Normal,0
30/12/2015 10:58:20 AM,8.481352,953.2813,Normal,0
30/12/2015 11:00:00 AM,8.476866,958.368,Normal,0
30/12/2015 11:01:40 AM,8.478468,962.1331,Normal,0
30/12/2015 11:03:20 AM,8.481031,968.0211,Normal,0
30/12/2015 11:05:00 AM,8.485837,972.3869,Normal,0
30/12/2015 11:06:40 AM,8.48007,977.2735,Normal,0
30/12/2015 11:08:20 AM,8.482634,983.0813,Normal,0
30/12/2015 11:10:00 AM,8.484555,987.3671,Normal,0
30/12/2015 11:11:40 AM,8.492246,992.534,Normal,0
30/12/2015 11:13:20 AM,8.490003,994.7369,Normal,0
30/12/2015 11:15:00 AM,8.569469,986.8464,Normal,0
30/12/2015 11:16:40 AM,8.572033,978.7555,Normal,0
30/12/2015 11:18:20 AM,8.56979,935.3371,Normal,0
30/12/2015 11:20:00 AM,8.570751,892.7599,Normal,0
30/12/2015 11:21:40 AM,8.572994,846.9383,Normal,0
30/12/2015 11:23:20 AM,8.57716,804.3611,Normal,0
30/12/2015 11:25:00 AM,8.481352,792.4651,Normal,0
30/12/2015 11:26:40 AM,8.486157,799.5146,Normal,0
30/12/2015 11:28:20 AM,8.486798,802.7189,Normal,0
30/12/2015 11:30:00 AM,8.484555,807.6055,Normal,0
30/12/2015 11:31:40 AM,8.482954,812.6122,Normal,0
30/12/2015 11:33:20 AM,8.483595,819.9821,Normal,0
30/12/2015 11:35:00 AM,8.482634,823.4267,Normal,0
30/12/2015 11:36:40 AM,8.478788,828.3533,Normal,0
30/12/2015 11:38:20 AM,8.496091,835.0023,Normal,0
30/12/2015 11:40:00 AM,8.494168,839.3281,Normal,0
30/12/2015 11:41:40 AM,8.490003,845.0958,Normal,0
30/12/2015 11:43:20 AM,8.489041,849.5418,Normal,0
30/12/2015 11:45:00 AM,8.485196,857.112,Normal,0
30/12/2015 11:46:40 AM,8.486478,862.4792,Normal,0
30/12/2015 11:48:20 AM,8.468534,905.8575,Normal,0
30/12/2015 11:50:00 AM,8.464048,914.6693,Normal,0
30/12/2015 11:51:40 AM,8.465651,918.5946,Normal,0
30/12/2015 11:53:20 AM,8.465651,924.6828,Normal,0
30/12/2015 11:55:00 AM,8.468534,929.289,Normal,0
30/12/2015 11:56:40 AM,8.471418,933.5347,Normal,0
30/12/2015 11:58:20 AM,8.472059,938.4613,Normal,0
30/12/2015 12:00:00 PM,8.473661,942.5869,Normal,0
30/12/2015 12:01:40 PM,8.474943,947.5936,Normal,0
30/12/2015 12:03:20 PM,8.477827,953.6818,Normal,0
30/12/2015 12:05:00 PM,8.48007,957.7673,Normal,0
30/12/2015 12:06:40 PM,8.481352,964.2159,Normal,0
30/12/2015 12:08:20 PM,8.483595,969.9837,Normal,0
30/12/2015 12:10:00 PM,8.475584,973.3482,Normal,0
30/12/2015 12:11:40 PM,8.484235,977.2735,Normal,0
30/12/2015 12:13:20 PM,8.482634,982.8009,Normal,0
30/12/2015 12:15:00 PM,8.489041,986.606,Normal,0
30/12/2015 12:16:40 PM,8.486798,993.3351,Normal,0
30/12/2015 12:18:20 PM,8.56274,1011.119,Normal,0
30/12/2015 12:20:00 PM,8.56242,1011.119,Normal,0
30/12/2015 12:21:40 PM,8.568829,1012.961,Normal,0
30/12/2015 12:23:20 PM,8.561459,1011.319,Normal,0
30/12/2015 12:25:00 PM,8.56242,1011.64,Normal,0
30/12/2015 12:26:40 PM,8.565624,1011.359,Normal,0
30/12/2015 12:28:20 PM,8.567226,992.2136,Normal,0
30/12/2015 12:30:00 PM,8.566586,948.5949,Normal,0
30/12/2015 12:31:40 PM,8.567547,905.497,Normal,0
30/12/2015 12:33:20 PM,8.571072,860.7569,Normal,0
30/12/2015 12:35:00 PM,8.569149,816.3372,Normal,0
30/12/2015 12:36:40 PM,8.480391,790.9431,Normal,0
30/12/2015 12:38:20 PM,8.478788,796.6707,Normal,0
30/12/2015 12:40:00 PM,8.483595,802.5987,Normal,0
30/12/2015 12:41:40 PM,8.480391,809.1275,Normal,0
30/12/2015 12:43:20 PM,8.48007,813.7337,Normal,0
30/12/2015 12:45:00 PM,8.47975,819.3412,Normal,0
30/12/2015 12:46:40 PM,8.480391,821.9847,Normal,0
30/12/2015 12:48:20 PM,8.481352,828.7939,Normal,0
30/12/2015 12:50:00 PM,8.483274,835.0023,Normal,0
30/12/2015 12:51:40 PM,8.481993,839.0477,Normal,0
30/12/2015 12:53:20 PM,8.496411,844.0544,Normal,0
30/12/2015 12:55:00 PM,8.498013,849.9023,Normal,0
30/12/2015 12:56:40 PM,8.492887,854.2281,Normal,0
30/12/2015 12:58:20 PM,8.494168,876.2177,Normal,0
30/12/2015 01:00:00 PM,8.49545,909.4223,Normal,0
30/12/2015 01:01:40 PM,8.492887,912.3863,Normal,0
30/12/2015 01:03:20 PM,8.468214,917.6333,Normal,0
30/12/2015 01:05:00 PM,8.471739,921.6788,Normal,0
30/12/2015 01:06:40 PM,8.470457,926.1248,Normal,0
30/12/2015 01:08:20 PM,8.471739,933.1342,Normal,0
30/12/2015 01:10:00 PM,8.470457,937.7804,Normal,0
30/12/2015 01:11:40 PM,8.468214,941.1049,Normal,0
30/12/2015 01:13:20 PM,8.470778,943.9086,Normal,0
30/12/2015 01:15:00 PM,8.470778,950.3973,Normal,0
30/12/2015 01:16:40 PM,8.472059,954.8033,Normal,0
30/12/2015 01:18:20 PM,8.470137,959.7299,Normal,0
30/12/2015 01:20:00 PM,8.474943,965.1772,Normal,0
30/12/2015 01:21:40 PM,8.476866,968.8622,Normal,0
30/12/2015 01:23:20 PM,8.478788,973.9891,Normal,0
30/12/2015 01:25:00 PM,8.481993,978.8356,Normal,0
30/12/2015 01:26:40 PM,8.483595,983.0012,Normal,0
30/12/2015 01:28:20 PM,8.485196,989.4098,Normal,0
30/12/2015 01:30:00 PM,8.486478,1003.549,Normal,0
30/12/2015 01:31:40 PM,8.558575,998.6622,Normal,0
30/12/2015 01:33:20 PM,8.568188,955.8046,Normal,0
30/12/2015 01:35:00 PM,8.565945,913.4677,Normal,0
30/12/2015 01:36:40 PM,8.570751,869.6889,Normal,0
30/12/2015 01:38:20 PM,8.564022,825.2692,Normal,0
30/12/2015 01:40:00 PM,8.483274,791.5839,Normal,0
30/12/2015 01:41:40 PM,8.482954,797.9124,Normal,0
30/12/2015 01:43:20 PM,8.490964,806.9245,Normal,0
30/12/2015 01:45:00 PM,8.484876,854.4283,Normal,0
30/12/2015 01:46:40 PM,8.484555,902.8535,Normal,0
30/12/2015 01:48:20 PM,8.485837,951.1584,Normal,0
30/12/2015 01:50:00 PM,8.481993,997.1001,Normal,0
30/12/2015 01:51:40 PM,8.564663,1011.84,Normal,0
30/12/2015 01:53:20 PM,8.567867,1011.96,Normal,0
30/12/2015 01:55:00 PM,8.566586,974.3896,Normal,0
30/12/2015 01:56:40 PM,8.564663,931.1715,Normal,0
30/12/2015 01:58:20 PM,8.56979,887.3126,Normal,0
30/12/2015 02:00:00 PM,8.563061,843.1332,Normal,0
30/12/2015 02:01:40 PM,8.571072,798.9138,Normal,0
30/12/2015 02:03:20 PM,8.478468,791.9044,Normal,0
30/12/2015 02:05:00 PM,8.472059,799.5146,Normal,0
30/12/2015 02:06:40 PM,8.473021,805.2022,Normal,0
30/12/2015 02:08:20 PM,8.473341,811.2504,Normal,0
30/12/2015 02:10:00 PM,8.474623,815.416,Normal,0
30/12/2015 02:11:40 PM,8.497693,820.9834,Normal,0
30/12/2015 02:13:20 PM,8.493848,824.9487,Normal,0
30/12/2015 02:15:00 PM,8.493207,830.4361,Normal,0
30/12/2015 02:16:40 PM,8.489682,835.4429,Normal,0
30/12/2015 02:18:20 PM,8.486798,841.2507,Normal,0
30/12/2015 02:20:00 PM,8.490003,844.8555,Normal,0
30/12/2015 02:21:40 PM,8.469816,850.8636,Normal,0
30/12/2015 02:23:20 PM,8.469175,856.1507,Normal,0
30/12/2015 02:25:00 PM,8.469816,892.5196,Normal,0
30/12/2015 02:26:40 PM,8.468534,905.9777,Normal,0
30/12/2015 02:28:20 PM,8.470778,913.668,Normal,0
30/12/2015 02:30:00 PM,8.476225,919.2355,Normal,0
30/12/2015 02:31:40 PM,8.470137,923.2809,Normal,0
30/12/2015 02:33:20 PM,8.474943,929.2089,Normal,0
30/12/2015 02:35:00 PM,8.47238,933.3344,Normal,0
30/12/2015 02:36:40 PM,8.474943,939.9433,Normal,0
30/12/2015 02:38:20 PM,8.476225,944.0688,Normal,0
30/12/2015 02:40:00 PM,8.475264,948.8753,Normal,0
30/12/2015 02:41:40 PM,8.478788,953.6818,Normal,0
30/12/2015 02:43:20 PM,8.480391,958.1277,Normal,0
30/12/2015 02:45:00 PM,8.48007,962.7339,Normal,0
30/12/2015 02:46:40 PM,8.478468,967.8208,Normal,0
30/12/2015 02:48:20 PM,8.474943,971.5458,Normal,0
30/12/2015 02:50:00 PM,8.475264,979.0759,Normal,0
30/12/2015 02:51:40 PM,8.479429,983.2014,Normal,0
30/12/2015 02:53:20 PM,8.475264,987.5673,Normal,0
30/12/2015 02:55:00 PM,8.474943,994.2964,Normal,0
30/12/2015 02:56:40 PM,8.556652,1009.837,Normal,0
30/12/2015 02:58:20 PM,8.553448,984.363,Normal,0
30/12/2015 03:00:00 PM,8.554729,941.3051,Normal,0
30/12/2015 03:01:40 PM,8.551525,899.2086,Normal,0
30/12/2015 03:03:20 PM,8.549603,855.0692,Normal,0
30/12/2015 03:05:00 PM,8.552166,810.7697,Normal,0
30/12/2015 03:06:40 PM,8.473341,790.8629,Normal,0
30/12/2015 03:08:20 PM,8.478468,797.2715,Normal,0
30/12/2015 03:10:00 PM,8.481993,801.317,Normal,0
30/12/2015 03:11:40 PM,8.475264,808.4065,Normal,0
30/12/2015 03:13:20 PM,8.478788,850.6232,Normal,0
30/12/2015 03:15:00 PM,8.476545,899.4088,Normal,0
30/12/2015 03:16:40 PM,8.475584,946.3519,Normal,0
30/12/2015 03:18:20 PM,8.48007,994.6168,Normal,0
30/12/2015 03:20:00 PM,8.559216,1010.238,Normal,0
30/12/2015 03:21:40 PM,8.557613,1010.678,Normal,0
30/12/2015 03:23:20 PM,8.563381,983.7622,Normal,0
30/12/2015 03:25:00 PM,8.566586,939.3826,Normal,0
30/12/2015 03:26:40 PM,8.561779,896.1645,Normal,0
30/12/2015 03:28:20 PM,8.561138,852.0251,Normal,0
30/12/2015 03:30:00 PM,8.563061,808.7269,Normal,0
30/12/2015 03:31:40 PM,8.483274,791.3837,Normal,0
30/12/2015 03:33:20 PM,8.489682,797.0713,Normal,0
30/12/2015 03:35:00 PM,8.487439,802.9592,Normal,0
30/12/2015 03:36:40 PM,8.490964,810.97,Normal,0
30/12/2015 03:38:20 PM,8.489362,814.1743,Normal,0
30/12/2015 03:40:00 PM,8.486478,821.2238,Normal,0
30/12/2015 03:41:40 PM,8.468214,823.2665,Normal,0
30/12/2015 03:43:20 PM,8.46533,828.0729,Normal,0
30/12/2015 03:45:00 PM,8.460844,832.3587,Normal,0
30/12/2015 03:46:40 PM,8.460203,839.3281,Normal,0
30/12/2015 03:48:20 PM,8.462446,844.8555,Normal,0
30/12/2015 03:50:00 PM,8.460203,850.7034,Normal,0
30/12/2015 03:51:40 PM,8.460844,856.3109,Normal,0
30/12/2015 03:53:20 PM,8.464369,877.4193,Normal,0
30/12/2015 03:55:00 PM,8.462126,909.903,Normal,0
30/12/2015 03:56:40 PM,8.461164,914.9097,Normal,0
30/12/2015 03:58:20 PM,8.460844,917.7935,Normal,0
30/12/2015 04:00:00 PM,8.461164,923.4011,Normal,0
30/12/2015 04:01:40 PM,8.462126,927.847,Normal,0
30/12/2015 04:03:20 PM,8.46501,931.1715,Normal,0
30/12/2015 04:05:00 PM,8.464369,938.7017,Normal,0
30/12/2015 04:06:40 PM,8.468855,943.0675,Normal,0
30/12/2015 04:08:20 PM,8.462126,947.3933,Normal,0
30/12/2015 04:10:00 PM,8.464369,949.9568,Normal,0
30/12/2015 04:11:40 PM,8.463728,957.567,Normal,0
30/12/2015 04:13:20 PM,8.46533,963.0544,Normal,0
30/12/2015 04:15:00 PM,8.46501,967.22,Normal,0
30/12/2015 04:16:40 PM,8.467573,971.2253,Normal,0
30/12/2015 04:18:20 PM,8.464048,976.3923,Normal,0
30/12/2015 04:20:00 PM,8.467573,982.5606,Normal,0
30/12/2015 04:21:40 PM,8.468534,985.2442,Normal,0
30/12/2015 04:23:20 PM,8.467573,993.4152,Normal,0
30/12/2015 04:25:00 PM,8.468214,1004.63,Normal,0
30/12/2015 04:26:40 PM,8.548321,1001.907,Normal,0
30/12/2015 04:28:20 PM,8.547359,959.0089,Normal,0
30/12/2015 04:30:00 PM,8.548641,916.8322,Normal,0
30/12/2015 04:31:40 PM,8.549923,871.6115,Normal,0
30/12/2015 04:33:20 PM,8.548321,826.1904,Normal,0
30/12/2015 04:35:00 PM,8.48007,788.7,Normal,0
30/12/2015 04:36:40 PM,8.468534,796.9511,Normal,0
30/12/2015 04:38:20 PM,8.469816,799.2742,Normal,0
30/12/2015 04:40:00 PM,8.471739,805.6829,Normal,0
30/12/2015 04:41:40 PM,8.486798,822.6657,Normal,0
30/12/2015 04:43:20 PM,8.486798,872.3725,Normal,0
30/12/2015 04:45:00 PM,8.486478,920.5172,Normal,0
30/12/2015 04:46:40 PM,8.48776,970.184,Normal,0
30/12/2015 04:48:20 PM,8.526211,1010.638,Normal,0
30/12/2015 04:50:00 PM,8.531338,1012.12,Normal,0
30/12/2015 04:51:40 PM,8.538387,1005.832,Normal,0
30/12/2015 04:53:20 PM,8.533901,963.3748,Normal,0
30/12/2015 04:55:00 PM,8.538708,921.6387,Normal,0
30/12/2015 04:56:40 PM,8.541592,876.2177,Normal,0
30/12/2015 04:58:20 PM,8.539989,832.4789,Normal,0
30/12/2015 05:00:00 PM,8.518201,788.7401,Normal,0
30/12/2015 05:01:40 PM,8.45764,793.7869,Normal,0
30/12/2015 05:03:20 PM,8.455397,799.7549,Normal,0
30/12/2015 05:05:00 PM,8.430403,801,Attack,1
30/12/2015 05:06:40 PM,8.449308,801,Attack,1
30/12/2015 05:08:20 PM,8.446104,801,Attack,1
30/12/2015 05:10:00 PM,8.439695,801,Attack,1
30/12/2015 05:11:40 PM,8.438414,801,Attack,1
30/12/2015 05:13:20 PM,8.439375,801,Attack,1
30/12/2015 05:15:00 PM,8.431684,801,Attack,1
30/12/2015 05:16:40 PM,8.430403,801,Attack,1
30/12/2015 05:18:20 PM,8.434889,801,Attack,1
30/12/2015 05:20:00 PM,8.435209,801,Attack,1
30/12/2015 05:21:40 PM,8.432005,801,Attack,1
30/12/2015 05:23:20 PM,8.434889,801,Attack,1
30/12/2015 05:25:00 PM,8.437132,801,Attack,1
30/12/2015 05:26:40 PM,8.438734,801,Attack,1
30/12/2015 05:28:20 PM,8.44322,801,Attack,1
30/12/2015 05:30:00 PM,8.526531,993.295,Normal,0
30/12/2015 05:31:40 PM,8.523327,949.4761,Normal,0
30/12/2015 05:33:20 PM,8.527813,905.0564,Normal,0
30/12/2015 05:35:00 PM,8.529415,861.8383,Normal,0
30/12/2015 05:36:40 PM,8.530376,816.8178,Normal,0
30/12/2015 05:38:20 PM,8.463728,788.7401,Normal,0
30/12/2015 05:40:00 PM,8.489362,794.7482,Normal,0
30/12/2015 05:41:40 PM,8.492887,800.9164,Normal,0
30/12/2015 05:43:20 PM,8.494809,807.1649,Normal,0
30/12/2015 05:45:00 PM,8.497693,812.6522,Normal,0
30/12/2015 05:46:40 PM,8.498654,819.3813,Normal,0
30/12/2015 05:48:20 PM,8.504102,823.3867,Normal,0
30/12/2015 05:50:00 PM,8.483595,828.2332,Normal,0
30/12/2015 05:51:40 PM,8.486478,833.5603,Normal,0
30/12/2015 05:53:20 PM,8.489362,838.4869,Normal,0
30/12/2015 05:55:00 PM,8.492246,876.3779,Normal,0
30/12/2015 05:56:40 PM,8.493207,894.7626,Normal,0
30/12/2015 05:58:20 PM,8.493848,898.3274,Normal,0
30/12/2015 06:00:00 PM,8.497052,903.8148,Normal,0
30/12/2015 06:01:40 PM,8.50282,909.4623,Normal,0
30/12/2015 06:03:20 PM,8.506024,914.2288,Normal,0
30/12/2015 06:05:00 PM,8.501859,919.2355,Normal,0
30/12/2015 06:06:40 PM,8.500577,924.4024,Normal,0
30/12/2015 06:08:20 PM,8.503781,929.329,Normal,0
30/12/2015 06:10:00 PM,8.507627,935.3772,Normal,0
30/12/2015 06:11:40 PM,8.507306,964.4162,Normal,0
30/12/2015 06:13:20 PM,8.542233,1009.677,Normal,0
30/12/2015 06:15:00 PM,8.595425,1010.238,Normal,0
30/12/2015 06:16:40 PM,8.589977,1009.717,Normal,0
30/12/2015 06:18:20 PM,8.595425,1010.078,Normal,0
30/12/2015 06:20:00 PM,8.588696,1010.238,Normal,0
30/12/2015 06:21:40 PM,8.600872,994.7369,Normal,0
30/12/2015 06:23:20 PM,8.594463,952.2799,Normal,0
30/12/2015 06:25:00 PM,8.591579,908.1005,Normal,0
30/12/2015 06:26:40 PM,8.594784,865.0827,Normal,0
30/12/2015 06:28:20 PM,8.597988,819.2611,Normal,0
30/12/2015 06:30:00 PM,8.499616,791.664,Normal,0
30/12/2015 06:31:40 PM,8.499295,796.7509,Normal,0
30/12/2015 06:33:20 PM,8.499295,802.8791,Normal,0
30/12/2015 06:35:00 PM,8.499616,808.1262,Normal,0
30/12/2015 06:36:40 PM,8.503461,814.8552,Normal,0
30/12/2015 06:38:20 PM,8.501859,817.2584,Normal,0
30/12/2015 06:40:00 PM,8.497373,824.0275,Normal,0
30/12/2015 06:41:40 PM,8.518521,830.2358,Normal,0
30/12/2015 06:43:20 PM,8.51788,833.9609,Normal,0
30/12/2015 06:45:00 PM,8.520444,839.0477,Normal,0
30/12/2015 06:46:40 PM,8.516599,844.8154,Normal,0
30/12/2015 06:48:20 PM,8.523647,847.2587,Normal,0
30/12/2015 06:50:00 PM,8.51788,854.869,Normal,0
30/12/2015 06:51:40 PM,8.507627,860.4765,Normal,0
30/12/2015 06:53:20 PM,8.494168,903.1739,Normal,0
30/12/2015 06:55:00 PM,8.494489,913.1072,Normal,0
30/12/2015 06:56:40 PM,8.490964,917.0726,Normal,0
30/12/2015 06:58:20 PM,8.493848,922.4398,Normal,0
30/12/2015 07:00:00 PM,8.492566,927.0059,Normal,0
30/12/2015 07:01:40 PM,8.494168,932.3331,Normal,0
30/12/2015 07:03:20 PM,8.49545,937.5801,Normal,0
30/12/2015 07:05:00 PM,8.494809,941.7057,Normal,0
30/12/2015 07:06:40 PM,8.494489,943.7885,Normal,0
30/12/2015 07:08:20 PM,8.496411,951.9194,Normal,0
30/12/2015 07:10:00 PM,8.494168,955.8046,Normal,0
30/12/2015 07:11:40 PM,8.496091,961.0116,Normal,0
30/12/2015 07:13:20 PM,8.494809,964.6565,Normal,0
30/12/2015 07:15:00 PM,8.499295,971.7861,Normal,0
30/12/2015 07:16:40 PM,8.501859,974.7902,Normal,0
30/12/2015 07:18:20 PM,8.501218,979.156,Normal,0
30/12/2015 07:20:00 PM,8.501859,984.4832,Normal,0
30/12/2015 07:21:40 PM,8.50282,990.2509,Normal,0
30/12/2015 07:23:20 PM,8.507627,996.8198,Normal,0
30/12/2015 07:25:00 PM,8.596066,1008.275,Normal,0
30/12/2015 07:26:40 PM,8.581646,974.8702,Normal,0
30/12/2015 07:28:20 PM,8.589016,932.9739,Normal,0
30/12/2015 07:30:00 PM,8.5919,889.5956,Normal,0
30/12/2015 07:31:40 PM,8.587414,845.4163,Normal,0
30/12/2015 07:33:20 PM,8.5919,800.3557,Normal,0
30/12/2015 07:35:00 PM,8.521085,794.7081,Normal,0
30/12/2015 07:36:40 PM,8.521405,800.556,Normal,0
30/12/2015 07:38:20 PM,8.526211,807.3651,Normal,0
30/12/2015 07:40:00 PM,8.518842,839.248,Normal,0
30/12/2015 07:41:40 PM,8.519483,889.115,Normal,0
30/12/2015 07:43:20 PM,8.51724,937.3799,Normal,0
30/12/2015 07:45:00 PM,8.515637,983.4017,Normal,0
30/12/2015 07:46:40 PM,8.604717,1010.158,Normal,0
30/12/2015 07:48:20 PM,8.598309,1010.438,Normal,0
30/12/2015 07:50:00 PM,8.600872,987.6875,Normal,0
30/12/2015 07:51:40 PM,8.604076,944.5895,Normal,0
30/12/2015 07:53:20 PM,8.598629,902.6532,Normal,0
30/12/2015 07:55:00 PM,8.601513,857.4324,Normal,0
30/12/2015 07:56:40 PM,8.597988,814.5347,Normal,0
30/12/2015 07:58:20 PM,8.535183,789.7415,Normal,0
30/12/2015 08:00:00 PM,8.543194,796.7509,Normal,0
30/12/2015 08:01:40 PM,8.539989,803.1995,Normal,0
30/12/2015 08:03:20 PM,8.541592,808.6068,Normal,0
30/12/2015 08:05:00 PM,8.537106,813.934,Normal,0
30/12/2015 08:06:40 PM,8.54063,819.181,Normal,0
30/12/2015 08:08:20 PM,8.539028,824.0676,Normal,0
30/12/2015 08:10:00 PM,8.536785,829.3547,Normal,0
30/12/2015 08:11:40 PM,8.516278,835.3627,Normal,0
30/12/2015 08:13:20 PM,8.513394,839.288,Normal,0
30/12/2015 08:15:00 PM,8.514035,844.2547,Normal,0
30/12/2015 08:16:40 PM,8.516919,849.5018,Normal,0
30/12/2015 08:18:20 PM,8.511472,855.7501,Normal,0
30/12/2015 08:20:00 PM,8.515317,867.0453,Normal,0
30/12/2015 08:21:40 PM,8.508908,908.501,Normal,0
30/12/2015 08:23:20 PM,8.50987,913.2675,Normal,0
30/12/2015 08:25:00 PM,8.514676,916.1113,Normal,0
30/12/2015 08:26:40 PM,8.51788,924.4825,Normal,0
30/12/2015 08:28:20 PM,8.513074,928.2476,Normal,0
30/12/2015 08:30:00 PM,8.51051,935.8578,Normal,0
30/12/2015 08:31:40 PM,8.515637,937.2597,Normal,0
30/12/2015 08:33:20 PM,8.518521,942.5068,Normal,0
30/12/2015 08:35:00 PM,8.516599,947.3533,Normal,0
30/12/2015 08:36:40 PM,8.524609,952.7606,Normal,0
30/12/2015 08:38:20 PM,8.516599,959.77,Normal,0
30/12/2015 08:40:00 PM,8.515637,963.3748,Normal,0
30/12/2015 08:41:40 PM,8.516599,969.463,Normal,0
30/12/2015 08:43:20 PM,8.51788,972.9877,Normal,0
30/12/2015 08:45:00 PM,8.516919,977.8743,Normal,0
30/12/2015 08:46:40 PM,8.516278,982.5606,Normal,0
30/12/2015 08:48:20 PM,8.522046,988.4885,Normal,0
30/12/2015 08:50:00 PM,8.515317,993.0947,Normal,0
30/12/2015 08:51:40 PM,8.515637,1000.104,Normal,0
30/12/2015 08:53:20 PM,8.602474,1003.909,Normal,0
30/12/2015 08:55:00 PM,8.600872,964.1759,Normal,0
30/12/2015 08:56:40 PM,8.598629,921.879,Normal,0
30/12/2015 08:58:20 PM,8.599911,878.2203,Normal,0
30/12/2015 09:00:00 PM,8.601192,833.28,Normal,0
30/12/2015 09:01:40 PM,8.569149,790.4624,Normal,0
30/12/2015 09:03:20 PM,8.506986,794.9484,Normal,0
30/12/2015 09:05:00 PM,8.51051,801.7576,Normal,0
30/12/2015 09:06:40 PM,8.506986,805.3224,Normal,0
30/12/2015 09:08:20 PM,8.531338,834.5616,Normal,0
30/12/2015 09:10:00 PM,8.531979,884.0281,Normal,0
30/12/2015 09:11:40 PM,8.529415,931.7723,Normal,0
30/12/2015 09:13:20 PM,8.527813,980.2775,Normal,0
30/12/2015 09:15:00 PM,8.583569,1009.477,Normal,0
30/12/2015 09:16:40 PM,8.580044,1009.957,Normal,0
30/12/2015 09:18:20 PM,8.579082,997.8611,Normal,0
30/12/2015 09:20:00 PM,8.578442,956.3654,Normal,0
30/12/2015 09:21:40 PM,8.579082,914.1887,Normal,0
30/12/2015 09:23:20 PM,8.578762,868.6876,Normal,0
30/12/2015 09:25:00 PM,8.57716,825.7498,Normal,0
30/12/2015 09:26:40 PM,8.508588,788.7401,Normal,0
30/12/2015 09:28:20 PM,8.498975,798.3931,Normal,0
30/12/2015 09:30:00 PM,8.498654,803.9205,Normal,0
30/12/2015 09:31:40 PM,8.497373,807.7256,Normal,0
30/12/2015 09:33:20 PM,8.498654,812.1716,Normal,0
30/12/2015 09:35:00 PM,8.494489,819.9821,Normal,0
30/12/2015 09:36:40 PM,8.491284,825.6296,Normal,0
30/12/2015 09:38:20 PM,8.496091,830.0756,Normal,0
30/12/2015 09:40:00 PM,8.49577,835.6832,Normal,0
30/12/2015 09:41:40 PM,8.492246,840.8902,Normal,0
30/12/2015 09:43:20 PM,8.494809,846.4176,Normal,0
30/12/2015 09:45:00 PM,8.512113,850.3429,Normal,0
30/12/2015 09:46:40 PM,8.51051,854.8289,Normal,0
30/12/2015 09:48:20 PM,8.514035,861.5179,Normal,0
30/12/2015 09:50:00 PM,8.512113,898.808,Normal,0
30/12/2015 09:51:40 PM,8.516599,915.2701,Normal,0
30/12/2015 09:53:20 PM,8.512113,919.7161,Normal,0
30/12/2015 09:55:00 PM,8.498013,925.0833,Normal,0
30/12/2015 09:56:40 PM,8.498975,928.8884,Normal,0
30/12/2015 09:58:20 PM,8.5025,936.1382,Normal,0
30/12/2015 10:00:00 PM,8.505383,939.0621,Normal,0
30/12/2015 10:01:40 PM,8.505704,943.9888,Normal,0
30/12/2015 10:03:20 PM,8.508267,949.2759,Normal,0
30/12/2015 10:05:00 PM,8.512113,952.9608,Normal,0
30/12/2015 10:06:40 PM,8.514035,959.81,Normal,0
30/12/2015 10:08:20 PM,8.521405,963.9756,Normal,0
30/12/2015 10:10:00 PM,8.518842,966.5391,Normal,0
30/12/2015 10:11:40 PM,8.522687,972.5471,Normal,0
30/12/2015 10:13:20 PM,8.523327,978.2748,Normal,0
30/12/2015 10:15:00 PM,8.523647,983.0413,Normal,0
30/12/2015 10:16:40 PM,8.527493,987.8477,Normal,0
30/12/2015 10:18:20 PM,8.528133,994.1362,Normal,0
30/12/2015 10:20:00 PM,8.531338,998.0614,Normal,0
30/12/2015 10:21:40 PM,8.618816,1002.467,Normal,0
30/12/2015 10:23:20 PM,8.615292,1000.625,Normal,0
30/12/2015 10:25:00 PM,8.617214,1001.947,Normal,0
30/12/2015 10:26:40 PM,8.610806,1001.666,Normal,0
30/12/2015 10:28:20 PM,8.61433,1001.706,Normal,0
30/12/2015 10:30:00 PM,8.606319,1001.907,Normal,0
30/12/2015 10:31:40 PM,8.611446,987.5673,Normal,0
30/12/2015 10:33:20 PM,8.611126,943.7084,Normal,0
30/12/2015 10:35:00 PM,8.612087,900.8107,Normal,0
30/12/2015 10:36:40 PM,8.608883,858.2736,Normal,0
30/12/2015 10:38:20 PM,8.605999,814.0541,Normal,0
30/12/2015 10:40:00 PM,8.52589,792.5051,Normal,0
30/12/2015 10:41:40 PM,8.531338,797.2715,Normal,0
30/12/2015 10:43:20 PM,8.531979,802.1581,Normal,0
30/12/2015 10:45:00 PM,8.530697,808.1262,Normal,0
30/12/2015 10:46:40 PM,8.551205,814.8552,Normal,0
30/12/2015 10:48:20 PM,8.551525,820.6229,Normal,0
30/12/2015 10:50:00 PM,8.547039,822.866,Normal,0
30/12/2015 10:51:40 PM,8.548962,830.6765,Normal,0
30/12/2015 10:53:20 PM,8.547039,833.6004,Normal,0
30/12/2015 10:55:00 PM,8.546398,840.0491,Normal,0
30/12/2015 10:56:40 PM,8.54063,845.4163,Normal,0
30/12/2015 10:58:20 PM,8.524288,849.9023,Normal,0
30/12/2015 11:00:00 PM,8.527493,855.4297,Normal,0
30/12/2015 11:01:40 PM,8.52589,862.0787,Normal,0
30/12/2015 11:03:20 PM,8.526852,902.8935,Normal,0
30/12/2015 11:05:00 PM,8.526852,912.7868,Normal,0
30/12/2015 11:06:40 PM,8.526852,919.2355,Normal,0
30/12/2015 11:08:20 PM,8.527813,922.1995,Normal,0
30/12/2015 11:10:00 PM,8.523007,929.2089,Normal,0
30/12/2015 11:11:40 PM,8.532619,932.1328,Normal,0
30/12/2015 11:13:20 PM,8.529095,937.5,Normal,0
30/12/2015 11:15:00 PM,8.530697,942.1462,Normal,0
30/12/2015 11:16:40 PM,8.526531,946.9127,Normal,0
30/12/2015 11:18:20 PM,8.531338,951.6791,Normal,0
30/12/2015 11:20:00 PM,8.533901,957.6871,Normal,0
30/12/2015 11:21:40 PM,8.534542,962.4536,Normal,0
30/12/2015 11:23:20 PM,8.534222,967.4202,Normal,0
30/12/2015 11:25:00 PM,8.537426,970.0237,Normal,0
30/12/2015 11:26:40 PM,8.539349,977.0732,Normal,0
30/12/2015 11:28:20 PM,8.54031,982.4805,Normal,0
30/12/2015 11:30:00 PM,8.538708,986.6862,Normal,0
30/12/2015 11:31:40 PM,8.538387,990.0907,Normal,0
30/12/2015 11:33:20 PM,8.539989,996.6595,Normal,0
30/12/2015 11:35:00 PM,8.627148,1009.557,Normal,0
30/12/2015 11:36:40 PM,8.628429,1010.118,Normal,0
30/12/2015 11:38:20 PM,8.623302,1009.717,Normal,0
30/12/2015 11:40:00 PM,8.618816,1009.236,Normal,0
30/12/2015 11:41:40 PM,8.616894,1009.757,Normal,0
30/12/2015 11:43:20 PM,8.623623,1009.677,Normal,0
30/12/2015 11:45:00 PM,8.620739,987.1667,Normal,0
30/12/2015 11:46:40 PM,8.6217,942.1462,Normal,0
30/12/2015 11:48:20 PM,8.622341,900.4903,Normal,0
30/12/2015 11:50:00 PM,8.620739,856.5512,Normal,0
30/12/2015 11:51:40 PM,8.620739,812.532,Normal,0
30/12/2015 11:53:20 PM,8.556973,790.3022,Normal,0
30/12/2015 11:55:00 PM,8.569149,794.7482,Normal,0
30/12/2015 11:56:40 PM,8.556332,802.5587,Normal,0
30/12/2015 11:58:20 PM,8.559856,807.1649,Normal,0
31/12/2015 12:00:00 AM,8.556332,814.014,Normal,0
31/12/2015 12:01:40 AM,8.558575,819.6616,Normal,0
31/12/2015 12:03:20 AM,8.557613,824.6283,Normal,0
31/12/2015 12:05:00 AM,8.552166,830.2759,Normal,0
31/12/2015 12:06:40 AM,8.551205,834.3614,Normal,0
31/12/2015 12:08:20 AM,8.532299,839.8488,Normal,0
31/12/2015 12:10:00 AM,8.534542,844.2147,Normal,0
31/12/2015 12:11:40 AM,8.529095,850.1426,Normal,0
31/12/2015 12:13:20 AM,8.531017,855.1494,Normal,0
31/12/2015 12:15:00 AM,8.525249,868.4472,Normal,0
31/12/2015 12:16:40 AM,8.523007,907.9003,Normal,0
31/12/2015 12:18:20 AM,8.53294,912.2661,Normal,0
31/12/2015 12:20:00 AM,8.522046,919.2355,Normal,0
31/12/2015 12:21:40 AM,8.529415,921.6788,Normal,0
31/12/2015 12:23:20 AM,8.524929,927.847,Normal,0
31/12/2015 12:25:00 AM,8.532619,931.8524,Normal,0
31/12/2015 12:26:40 AM,8.531979,937.9406,Normal,0
31/12/2015 12:28:20 AM,8.530376,942.4667,Normal,0
31/12/2015 12:30:00 AM,8.527493,948.7952,Normal,0
31/12/2015 12:31:40 AM,8.531338,952.4802,Normal,0
31/12/2015 12:33:20 AM,8.531017,958.4882,Normal,0
31/12/2015 12:35:00 AM,8.528774,961.3721,Normal,0
31/12/2015 12:36:40 AM,8.530697,967.5804,Normal,0
31/12/2015 12:38:20 AM,8.531017,972.6673,Normal,0
31/12/2015 12:40:00 AM,8.533581,976.6727,Normal,0
31/12/2015 12:41:40 AM,8.538387,983.602,Normal,0
31/12/2015 12:43:20 AM,8.534542,985.084,Normal,0
31/12/2015 12:45:00 AM,8.535183,992.0934,Normal,0
31/12/2015 12:46:40 AM,8.537426,1001.506,Normal,0
31/12/2015 12:48:20 AM,8.624264,1011.76,Normal,0
31/12/2015 12:50:00 AM,8.6217,1011.52,Normal,0
31/12/2015 12:51:40 AM,8.620739,1011.72,Normal,0
31/12/2015 12:53:20 AM,8.619457,1011.359,Normal,0
31/12/2015 12:55:00 AM,8.620098,1011.319,Normal,0
31/12/2015 12:56:40 AM,8.622341,1011.52,Normal,0
31/12/2015 12:58:20 AM,8.617214,971.3856,Normal,0
31/12/2015 01:00:00 AM,8.613689,928.7282,Normal,0
31/12/2015 01:01:40 AM,8.617535,885.3499,Normal,0
31/12/2015 01:03:20 AM,8.617214,841.5311,Normal,0
31/12/2015 01:05:00 AM,8.617535,797.1514,Normal,0
31/12/2015 01:06:40 AM,8.564983,795.9898,Normal,0
31/12/2015 01:08:20 AM,8.563061,800.5159,Normal,0
31/12/2015 01:10:00 AM,8.563381,804.2809,Normal,0
31/12/2015 01:11:40 AM,8.566586,810.1689,Normal,0
31/12/2015 01:13:20 AM,8.560818,816.6576,Normal,0
31/12/2015 01:15:00 AM,8.564663,821.0635,Normal,0
31/12/2015 01:16:40 AM,8.559856,824.0676,Normal,0
31/12/2015 01:18:20 AM,8.539028,831.7579,Attack,1
31/12/2015 01:20:00 AM,8.54031,835.3627,Attack,1
31/12/2015 01:21:40 AM,8.537106,841.5311,Attack,1
31/12/2015 01:23:20 AM,8.541912,848.4603,Attack,1
31/12/2015 01:25:00 AM,8.535183,851.6647,Attack,1
31/12/2015 01:26:40 AM,8.541912,857.4324,Attack,1
31/12/2015 01:28:20 AM,8.543835,860.5566,Attack,1
31/12/2015 01:30:00 AM,8.544796,868.5674,Attack,1
31/12/2015 01:31:40 AM,8.545437,871.5714,Attack,1
31/12/2015 01:33:20 AM,8.544155,877.219,Attack,1
31/12/2015 01:35:00 AM,8.545437,882.9868,Attack,1
31/12/2015 01:36:40 AM,8.548641,889.3152,Attack,1
31/12/2015 01:38:20 AM,8.544155,893.2005,Attack,1
31/12/2015 01:40:00 AM,8.548321,894.6024,Attack,1
31/12/2015 01:41:40 AM,8.543194,903.8548,Attack,1
31/12/2015 01:43:20 AM,8.552166,909.222,Attack,1
31/12/2015 01:45:00 AM,8.551205,912.8268,Attack,1
31/12/2015 01:46:40 AM,8.553768,946.9928,Attack,1
31/12/2015 01:48:20 AM,8.556011,994.4565,Attack,1
31/12/2015 01:50:00 AM,8.638042,1011.64,Attack,1
31/12/2015 01:51:40 AM,8.636761,1010.879,Attack,1
31/12/2015 01:53:20 AM,8.641566,1009.837,Attack,1
31/12/2015 01:55:00 AM,8.637081,1009.917,Attack,1
31/12/2015 01:56:40 AM,8.638042,1009.917,Attack,1
31/12/2015 01:58:20 AM,8.631634,1010.518,Attack,1
31/12/2015 02:00:00 AM,8.633556,1010.638,Attack,1
31/12/2015 02:01:40 AM,8.63612,1011.039,Attack,1
31/12/2015 02:03:20 AM,8.630032,1010.158,Attack,1
31/12/2015 02:05:00 AM,8.632275,1011.84,Attack,1
31/12/2015 02:06:40 AM,8.631954,1011.68,Attack,1
31/12/2015 02:08:20 AM,8.627468,1011.76,Attack,1
31/12/2015 02:10:00 AM,8.627468,1011.96,Attack,1
31/12/2015 02:11:40 AM,8.626827,1011.56,Attack,1
31/12/2015 02:13:20 AM,8.624264,1011.88,Attack,1
31/12/2015 02:15:00 AM,8.624264,1011.88,Attack,1
31/12/2015 02:16:40 AM,8.627148,1011.479,Attack,1
31/12/2015 02:18:20 AM,8.627468,1011.92,Attack,1
31/12/2015 02:20:00 AM,8.628109,1011.84,Attack,1
31/12/2015 02:21:40 AM,8.627468,1011.88,Attack,1
31/12/2015 02:23:20 AM,8.625866,1012.641,Attack,1
31/12/2015 02:25:00 AM,8.628109,1012.441,Attack,1
31/12/2015 02:26:40 AM,8.625225,1013.042,Attack,1
31/12/2015 02:28:20 AM,8.625225,1013.242,Attack,1
31/12/2015 02:30:00 AM,8.622662,1012.841,Attack,1
31/12/2015 02:31:40 AM,8.624264,1013.722,Attack,1
31/12/2015 02:33:20 AM,8.623623,1013.843,Attack,1
31/12/2015 02:35:00 AM,8.625546,1013.682,Attack,1
31/12/2015 02:36:40 AM,8.623943,1013.843,Attack,1
31/12/2015 02:38:20 AM,8.623623,1013.963,Attack,1
31/12/2015 02:40:00 AM,8.623943,1014.243,Attack,1
31/12/2015 02:41:40 AM,8.624905,1013.843,Attack,1
31/12/2015 02:43:20 AM,8.619457,1013.763,Attack,1
31/12/2015 02:45:00 AM,8.622341,1014.283,Attack,1
31/12/2015 02:46:40 AM,8.623302,1014.724,Attack,1
31/12/2015 02:48:20 AM,8.620739,1013.682,Attack,1
31/12/2015 02:50:00 AM,8.621059,1014.243,Attack,1
31/12/2015 02:51:40 AM,8.624264,1014.163,Attack,1
31/12/2015 02:53:20 AM,8.615612,1013.883,Attack,1
31/12/2015 02:55:00 AM,8.622021,1014.884,Attack,1
31/12/2015 02:56:40 AM,8.622662,1015.925,Attack,1
31/12/2015 02:58:20 AM,8.622021,1015.124,Attack,1
31/12/2015 03:00:00 AM,8.619137,1014.524,Attack,1
31/12/2015 03:01:40 AM,8.620419,1015.485,Attack,1
31/12/2015 03:03:20 AM,8.620739,1015.525,Attack,1
31/12/2015 03:05:00 AM,8.620098,1015.485,Attack,1
31/12/2015 03:06:40 AM,8.616253,1015.565,Attack,1
31/12/2015 03:08:20 AM,8.620419,1015.325,Attack,1
31/12/2015 03:10:00 AM,8.618496,1015.645,Attack,1
31/12/2015 03:11:40 AM,8.617535,1015.365,Attack,1
31/12/2015 03:13:20 AM,8.61433,1015.765,Attack,1
31/12/2015 03:15:00 AM,8.622021,1016.486,Attack,1
31/12/2015 03:16:40 AM,8.619457,1015.845,Attack,1
31/12/2015 03:18:20 AM,8.622341,1015.445,Attack,1
31/12/2015 03:20:00 AM,8.61433,1015.765,Attack,1
31/12/2015 03:21:40 AM,8.616894,1014.844,Attack,1
31/12/2015 03:23:20 AM,8.617535,1015.445,Attack,1
31/12/2015 03:25:00 AM,8.618496,1015.965,Attack,1
31/12/2015 03:26:40 AM,8.618816,1014.924,Attack,1
31/12/2015 03:28:20 AM,8.620098,1015.685,Attack,1
31/12/2015 03:30:00 AM,8.611446,1015.325,Attack,1
31/12/2015 03:31:40 AM,8.618496,1015.565,Attack,1
31/12/2015 03:33:20 AM,8.617214,1015.124,Attack,1
31/12/2015 03:35:00 AM,8.615292,1015.285,Attack,1
31/12/2015 03:36:40 AM,8.615932,1015.245,Attack,1
31/12/2015 03:38:20 AM,8.612408,1015.325,Attack,1
31/12/2015 03:40:00 AM,8.617855,1015.925,Attack,1
31/12/2015 03:41:40 AM,8.613689,1015.044,Attack,1
31/12/2015 03:43:20 AM,8.609203,1015.765,Attack,1
31/12/2015 03:45:00 AM,8.608242,1015.925,Attack,1
31/12/2015 03:46:40 AM,8.609844,1015.845,Attack,1
31/12/2015 03:48:20 AM,8.613689,1014.884,Attack,1
31/12/2015 03:50:00 AM,8.610485,1014.483,Attack,1
31/12/2015 03:51:40 AM,8.612087,1015.685,Attack,1
31/12/2015 03:53:20 AM,8.613049,1015.365,Attack,1
31/12/2015 03:55:00 AM,8.612728,1015.485,Attack,1
31/12/2015 03:56:40 AM,8.609203,1015.445,Attack,1
31/12/2015 03:58:20 AM,8.616894,1015.845,Attack,1
31/12/2015 04:00:00 AM,8.615612,1015.645,Attack,1
31/12/2015 04:01:40 AM,8.61401,1015.765,Attack,1
31/12/2015 04:03:20 AM,8.612728,1015.565,Attack,1
31/12/2015 04:05:00 AM,8.609844,1015.645,Attack,1
31/12/2015 04:06:40 AM,8.616894,1015.845,Attack,1
31/12/2015 04:08:20 AM,8.613049,1015.164,Attack,1
31/12/2015 04:10:00 AM,8.610806,1015.685,Attack,1
31/12/2015 04:11:40 AM,8.612728,1015.445,Attack,1
31/12/2015 04:13:20 AM,8.608883,1015.525,Attack,1
31/12/2015 04:15:00 AM,8.60664,1015.925,Attack,1
31/12/2015 04:16:40 AM,8.612087,1015.845,Attack,1
31/12/2015 04:18:20 AM,8.611126,1015.245,Attack,1
31/12/2015 04:20:00 AM,8.607601,1015.285,Attack,1
31/12/2015 04:21:40 AM,8.611126,1015.124,Attack,1
31/12/2015 04:23:20 AM,8.608242,1015.725,Attack,1
31/12/2015 04:25:00 AM,8.608883,1015.845,Attack,1
31/12/2015 04:26:40 AM,8.609203,1015.685,Attack,1
31/12/2015 04:28:20 AM,8.603436,1014.684,Attack,1
31/12/2015 04:30:00 AM,8.605999,1015.965,Attack,1
31/12/2015 04:31:40 AM,8.610485,1015.565,Attack,1
31/12/2015 04:33:20 AM,8.607281,1016.086,Attack,1
31/12/2015 04:35:00 AM,8.608242,1015.925,Attack,1
31/12/2015 04:36:40 AM,8.604076,1015.765,Attack,1
31/12/2015 04:38:20 AM,8.607601,1014.924,Attack,1
31/12/2015 04:40:00 AM,8.601192,1015.565,Attack,1
31/12/2015 04:41:40 AM,8.608242,1016.246,Attack,1
31/12/2015 04:43:20 AM,8.609203,1015.765,Attack,1
31/12/2015 04:45:00 AM,8.605679,1015.845,Attack,1
31/12/2015 04:46:40 AM,8.604717,1015.525,Attack,1
31/12/2015 04:48:20 AM,8.601833,1015.245,Attack,1
31/12/2015 04:50:00 AM,8.607601,1015.044,Attack,1
31/12/2015 04:51:40 AM,8.606319,1015.124,Attack,1
31/12/2015 04:53:20 AM,8.606319,1015.044,Attack,1
31/12/2015 04:55:00 AM,8.605999,1015.845,Attack,1
31/12/2015 04:56:40 AM,8.59959,1015.685,Attack,1
31/12/2015 04:58:20 AM,8.607922,1014.524,Attack,1
31/12/2015 05:00:00 AM,8.599911,1015.645,Attack,1
31/12/2015 05:01:40 AM,8.601513,1015.164,Attack,1
31/12/2015 05:03:20 AM,8.602795,1015.885,Attack,1
31/12/2015 05:05:00 AM,8.602795,1015.685,Attack,1
31/12/2015 05:06:40 AM,8.604397,1015.525,Attack,1
31/12/2015 05:08:20 AM,8.601833,1015.044,Attack,1
31/12/2015 05:10:00 AM,8.602795,1015.044,Attack,1
31/12/2015 05:11:40 AM,8.59959,1013.963,Attack,1
31/12/2015 05:13:20 AM,8.602795,1014.323,Attack,1
31/12/2015 05:15:00 AM,8.602795,1015.925,Attack,1
31/12/2015 05:16:40 AM,8.601192,1016.246,Attack,1
31/12/2015 05:18:20 AM,8.601513,1014.644,Attack,1
31/12/2015 05:20:00 AM,8.598629,1016.126,Attack,1
31/12/2015 05:21:40 AM,8.602795,1014.844,Attack,1
31/12/2015 05:23:20 AM,8.597988,1014.684,Attack,1
31/12/2015 05:25:00 AM,8.59927,1015.285,Attack,1
31/12/2015 05:26:40 AM,8.597668,1016.126,Attack,1
31/12/2015 05:28:20 AM,8.593502,1015.885,Attack,1
31/12/2015 05:30:00 AM,8.603115,1015.285,Attack,1
31/12/2015 05:31:40 AM,8.596706,1016.046,Attack,1
31/12/2015 05:33:20 AM,8.604076,1015.965,Attack,1
31/12/2015 05:35:00 AM,8.59222,1015.685,Attack,1
31/12/2015 05:36:40 AM,8.600231,1015.525,Attack,1
31/12/2015 05:38:20 AM,8.59927,1015.725,Attack,1
31/12/2015 05:40:00 AM,8.603436,1014.283,Attack,1
31/12/2015 05:41:40 AM,8.594463,1014.323,Attack,1
31/12/2015 05:43:20 AM,8.600231,1016.166,Attack,1
31/12/2015 05:45:00 AM,8.590618,1015.925,Attack,1
31/12/2015 05:46:40 AM,8.590618,1015.485,Attack,1
31/12/2015 05:48:20 AM,8.589016,1015.084,Attack,1
31/12/2015 05:50:00 AM,8.596386,1015.565,Attack,1
31/12/2015 05:51:40 AM,8.592861,1015.685,Attack,1
31/12/2015 05:53:20 AM,8.591259,1015.685,Attack,1
31/12/2015 05:55:00 AM,8.588696,1015.565,Attack,1
31/12/2015 05:56:40 AM,8.595425,1015.124,Attack,1
31/12/2015 05:58:20 AM,8.588696,1015.725,Attack,1
31/12/2015 06:00:00 AM,8.589657,1015.685,Attack,1
31/12/2015 06:01:40 AM,8.587093,1015.965,Attack,1
31/12/2015 06:03:20 AM,8.593502,1015.845,Attack,1
31/12/2015 06:05:00 AM,8.593182,1016.166,Attack,1
31/12/2015 06:06:40 AM,8.5919,1015.845,Attack,1
31/12/2015 06:08:20 AM,8.59222,1015.885,Attack,1
31/12/2015 06:10:00 AM,8.590298,1015.124,Attack,1
31/12/2015 06:11:40 AM,8.594463,1016.046,Attack,1
31/12/2015 06:13:20 AM,8.588375,1015.124,Attack,1
31/12/2015 06:15:00 AM,8.589657,1015.525,Attack,1
31/12/2015 06:16:40 AM,8.582287,1015.485,Attack,1
31/12/2015 06:18:20 AM,8.592861,1016.046,Attack,1
31/12/2015 06:20:00 AM,8.587093,1015.845,Attack,1
31/12/2015 06:21:40 AM,8.587414,1015.525,Attack,1
31/12/2015 06:23:20 AM,8.588375,1015.365,Attack,1
31/12/2015 06:25:00 AM,8.585812,1015.565,Attack,1
31/12/2015 06:26:40 AM,8.591259,1015.765,Attack,1
31/12/2015 06:28:20 AM,8.585171,1014.884,Attack,1
31/12/2015 06:30:00 AM,8.5919,1015.164,Attack,1
31/12/2015 06:31:40 AM,8.582607,1015.885,Attack,1
31/12/2015 06:33:20 AM,8.587414,1016.126,Attack,1
31/12/2015 06:35:00 AM,8.585812,1015.685,Attack,1
31/12/2015 06:36:40 AM,8.586773,1014.964,Attack,1
31/12/2015 06:38:20 AM,8.583569,1016.086,Attack,1
31/12/2015 06:40:00 AM,8.589016,1015.685,Attack,1
31/12/2015 06:41:40 AM,8.583248,1014.283,Attack,1
31/12/2015 06:43:20 AM,8.59222,1015.124,Attack,1
31/12/2015 06:45:00 AM,8.581966,1015.525,Attack,1
31/12/2015 06:46:40 AM,8.582287,1015.765,Attack,1
31/12/2015 06:48:20 AM,8.585171,1015.044,Attack,1
31/12/2015 06:50:00 AM,8.585171,1015.645,Attack,1
31/12/2015 06:51:40 AM,8.585491,1015.245,Attack,1
31/12/2015 06:53:20 AM,8.583889,1015.565,Attack,1
31/12/2015 06:55:00 AM,8.584209,1014.764,Attack,1
31/12/2015 06:56:40 AM,8.581646,1015.485,Attack,1
31/12/2015 06:58:20 AM,8.579082,1015.445,Attack,1
31/12/2015 07:00:00 AM,8.577801,1015.965,Attack,1
31/12/2015 07:01:40 AM,8.581646,1016.126,Attack,1
31/12/2015 07:03:20 AM,8.578762,1014.163,Attack,1
31/12/2015 07:05:00 AM,8.578762,1015.124,Attack,1
31/12/2015 07:06:40 AM,8.581646,1016.046,Attack,1
31/12/2015 07:08:20 AM,8.582607,1014.964,Attack,1
31/12/2015 07:10:00 AM,8.57748,1015.164,Attack,1
31/12/2015 07:11:40 AM,8.582607,1016.086,Attack,1
31/12/2015 07:13:20 AM,8.585171,1015.765,Attack,1
31/12/2015 07:15:00 AM,8.581966,1015.485,Attack,1
31/12/2015 07:16:40 AM,8.582287,1015.325,Attack,1
31/12/2015 07:18:20 AM,8.577801,1015.525,Attack,1
31/12/2015 07:20:00 AM,8.583569,1016.086,Attack,1
31/12/2015 07:21:40 AM,8.582287,1016.126,Attack,1
31/12/2015 07:23:20 AM,8.578762,1015.285,Attack,1
31/12/2015 07:25:00 AM,8.573956,1015.245,Attack,1
31/12/2015 07:26:40 AM,8.583889,1016.126,Attack,1
31/12/2015 07:28:20 AM,8.575558,1015.925,Attack,1
31/12/2015 07:30:00 AM,8.580044,1014.844,Attack,1
31/12/2015 07:31:40 AM,8.579082,1015.285,Attack,1
31/12/2015 07:33:20 AM,8.580044,1015.044,Attack,1
31/12/2015 07:35:00 AM,8.579082,1014.443,Attack,1
31/12/2015 07:36:40 AM,8.579082,1015.925,Attack,1
31/12/2015 07:38:20 AM,8.581966,1015.885,Attack,1
31/12/2015 07:40:00 AM,8.579403,1015.565,Attack,1
31/12/2015 07:41:40 AM,8.576199,1014.243,Attack,1
31/12/2015 07:43:20 AM,8.570751,1015.965,Attack,1
31/12/2015 07:45:00 AM,8.576199,1015.765,Attack,1
31/12/2015 07:46:40 AM,8.564342,1015.885,Attack,1
31/12/2015 07:48:20 AM,8.566265,1015.765,Attack,1
31/12/2015 07:50:00 AM,8.560177,1015.565,Attack,1
31/12/2015 07:51:40 AM,8.561138,1015.445,Attack,1
31/12/2015 07:53:20 AM,8.561459,1016.046,Attack,1
31/12/2015 07:55:00 AM,8.553448,1015.645,Attack,1
31/12/2015 07:56:40 AM,8.553448,1014.964,Attack,1
31/12/2015 07:58:20 AM,8.558575,1015.885,Attack,1
31/12/2015 08:00:00 AM,8.558575,1014.684,Attack,1
31/12/2015 08:01:40 AM,8.560818,1015.725,Attack,1
31/12/2015 08:03:20 AM,8.55505,1015.365,Attack,1
31/12/2015 08:05:00 AM,8.55505,1015.645,Attack,1
31/12/2015 08:06:40 AM,8.559856,1014.283,Attack,1
31/12/2015 08:08:20 AM,8.557613,1015.164,Attack,1
31/12/2015 08:10:00 AM,8.559536,1016.046,Attack,1
31/12/2015 08:11:40 AM,8.559216,1015.765,Attack,1
31/12/2015 08:13:20 AM,8.559536,1015.044,Attack,1
31/12/2015 08:15:00 AM,8.559856,1015.925,Attack,1
31/12/2015 08:16:40 AM,8.563061,1014.924,Attack,1
31/12/2015 08:18:20 AM,8.561138,1015.124,Attack,1
31/12/2015 08:20:00 AM,8.561779,1015.044,Attack,1
31/12/2015 08:21:40 AM,8.564022,1014.323,Attack,1
31/12/2015 08:23:20 AM,8.558575,1016.246,Attack,1
31/12/2015 08:25:00 AM,8.56242,1016.366,Attack,1
31/12/2015 08:26:40 AM,8.561779,1015.725,Attack,1
31/12/2015 08:28:20 AM,8.564342,1015.285,Attack,1
31/12/2015 08:30:00 AM,8.560818,1015.164,Attack,1
31/12/2015 08:31:40 AM,8.56242,1016.526,Attack,1
31/12/2015 08:33:20 AM,8.564022,1015.485,Attack,1
31/12/2015 08:35:00 AM,8.557613,1014.083,Attack,1
31/12/2015 08:36:40 AM,8.556332,1014.724,Attack,1
31/12/2015 08:38:20 AM,8.557613,1014.924,Attack,1
31/12/2015 08:40:00 AM,8.556973,1015.084,Attack,1
31/12/2015 08:41:40 AM,8.554409,1015.325,Attack,1
31/12/2015 08:43:20 AM,8.561779,1015.645,Attack,1
31/12/2015 08:45:00 AM,8.564983,1015.845,Attack,1
31/12/2015 08:46:40 AM,8.557934,1015.965,Attack,1
31/12/2015 08:48:20 AM,8.559216,1015.245,Attack,1
31/12/2015 08:50:00 AM,8.558254,1016.126,Attack,1
31/12/2015 08:51:40 AM,8.556973,1016.166,Attack,1
31/12/2015 08:53:20 AM,8.556652,1015.765,Attack,1
31/12/2015 08:55:00 AM,8.556973,1014.684,Attack,1
31/12/2015 08:56:40 AM,8.556973,1016.166,Attack,1
31/12/2015 08:58:20 AM,8.55537,1014.964,Attack,1
31/12/2015 09:00:00 AM,8.557613,1015.325,Attack,1
31/12/2015 09:01:40 AM,8.557613,1014.844,Attack,1
31/12/2015 09:03:20 AM,8.553127,1015.485,Attack,1
31/12/2015 09:05:00 AM,8.552807,1015.084,Attack,1
31/12/2015 09:06:40 AM,8.554409,1015.445,Attack,1
31/12/2015 09:08:20 AM,8.551846,1015.885,Attack,1
31/12/2015 09:10:00 AM,8.551205,1016.286,Attack,1
31/12/2015 09:11:40 AM,8.551846,1015.685,Attack,1
31/12/2015 09:13:20 AM,8.552166,1015.685,Attack,1
31/12/2015 09:15:00 AM,8.551846,1014.283,Attack,1
31/12/2015 09:16:40 AM,8.548641,1014.724,Attack,1
31/12/2015 09:18:20 AM,8.547039,1015.445,Attack,1
31/12/2015 09:20:00 AM,8.546719,1013.963,Attack,1
31/12/2015 09:21:40 AM,8.545757,1014.163,Attack,1
31/12/2015 09:23:20 AM,8.546398,1015.084,Attack,1
31/12/2015 09:25:00 AM,8.549603,1014.764,Attack,1
31/12/2015 09:26:40 AM,8.548962,1015.325,Attack,1
31/12/2015 09:28:20 AM,8.542233,1016.246,Attack,1
31/12/2015 09:30:00 AM,8.548,1014.524,Attack,1
31/12/2015 09:31:40 AM,8.546398,1014.884,Attack,1
31/12/2015 09:33:20 AM,8.549603,1015.765,Attack,1
31/12/2015 09:35:00 AM,8.537746,1014.924,Attack,1
31/12/2015 09:36:40 AM,8.543835,1016.326,Attack,1
31/12/2015 09:38:20 AM,8.543194,1015.565,Attack,1
31/12/2015 09:40:00 AM,8.541592,1015.044,Attack,1
31/12/2015 09:41:40 AM,8.541912,1013.923,Attack,1
31/12/2015 09:43:20 AM,8.540951,1015.645,Attack,1
31/12/2015 09:45:00 AM,8.538387,1015.845,Attack,1
31/12/2015 09:46:40 AM,8.539989,1016.046,Attack,1
31/12/2015 09:48:20 AM,8.544155,1015.565,Attack,1
31/12/2015 09:50:00 AM,8.54031,1015.485,Attack,1
31/12/2015 09:51:40 AM,8.539989,1015.965,Attack,1
31/12/2015 09:53:20 AM,8.541592,1015.164,Attack,1
31/12/2015 09:55:00 AM,8.535183,1016.086,Attack,1
31/12/2015 09:56:40 AM,8.538387,1016.486,Attack,1
31/12/2015 09:58:20 AM,8.535183,1016.887,Attack,1
31/12/2015 10:00:00 AM,8.536144,1014.844,Attack,1
31/12/2015 10:01:40 AM,8.537106,1015.164,Attack,1
31/12/2015 10:03:20 AM,8.542233,1016.366,Attack,1
31/12/2015 10:05:00 AM,8.539028,1015.485,Attack,1
31/12/2015 10:06:40 AM,8.535503,1015.445,Attack,1
31/12/2015 10:08:20 AM,8.533581,1016.246,Attack,1
31/12/2015 10:10:00 AM,8.535503,1015.525,Attack,1
31/12/2015 10:11:40 AM,8.535183,1015.765,Attack,1
31/12/2015 10:13:20 AM,8.535824,1015.124,Attack,1
31/12/2015 10:15:00 AM,8.535503,1015.245,Attack,1
31/12/2015 10:16:40 AM,8.532299,1014.684,Attack,1
31/12/2015 10:18:20 AM,8.537106,1013.883,Attack,1
31/12/2015 10:20:00 AM,8.533901,1014.964,Attack,1
31/12/2015 10:21:40 AM,8.531979,1015.565,Attack,1
31/12/2015 10:23:20 AM,8.532299,1015.525,Attack,1
31/12/2015 10:25:00 AM,8.531979,1015.124,Attack,1
31/12/2015 10:26:40 AM,8.530697,1014.924,Attack,1
31/12/2015 10:28:20 AM,8.533901,1014.764,Attack,1
31/12/2015 10:30:00 AM,8.529415,1015.124,Attack,1
31/12/2015 10:31:40 AM,8.527813,1014.644,Attack,1
31/12/2015 10:33:20 AM,8.524929,1015.285,Attack,1
31/12/2015 10:35:00 AM,8.522046,1014.163,Attack,1
31/12/2015 10:36:40 AM,8.524288,1015.325,Attack,1
31/12/2015 10:38:20 AM,8.526531,1016.326,Attack,1
31/12/2015 10:40:00 AM,8.525249,1015.445,Attack,1
31/12/2015 10:41:40 AM,8.524929,1016.086,Attack,1
31/12/2015 10:43:20 AM,8.52589,1016.126,Attack,1
31/12/2015 10:45:00 AM,8.525249,1015.645,Attack,1
31/12/2015 10:46:40 AM,8.52589,1016.126,Attack,1
31/12/2015 10:48:20 AM,8.524929,1016.526,Attack,1
31/12/2015 10:50:00 AM,8.525249,1016.046,Attack,1
31/12/2015 10:51:40 AM,8.528133,1016.246,Attack,1
31/12/2015 10:53:20 AM,8.524929,1015.885,Attack,1
31/12/2015 10:55:00 AM,8.521405,1016.286,Attack,1
31/12/2015 10:56:40 AM,8.525249,1016.727,Attack,1
31/12/2015 10:58:20 AM,8.52589,1015.485,Attack,1
31/12/2015 11:00:00 AM,8.527493,1016.486,Attack,1
31/12/2015 11:01:40 AM,8.524609,1015.965,Attack,1
31/12/2015 11:03:20 AM,8.523327,1016.326,Attack,1
31/12/2015 11:05:00 AM,8.527493,1016.126,Attack,1
31/12/2015 11:06:40 AM,8.524929,1016.166,Attack,1
31/12/2015 11:08:20 AM,8.526531,1015.245,Attack,1
31/12/2015 11:10:00 AM,8.525249,1015.965,Attack,1
31/12/2015 11:11:40 AM,8.521405,1015.124,Attack,1
31/12/2015 11:13:20 AM,8.523647,1015.925,Attack,1
31/12/2015 11:15:00 AM,8.522046,1015.765,Attack,1
31/12/2015 11:16:40 AM,8.523327,989.1695,Normal,0
31/12/2015 11:18:20 AM,8.521405,945.9113,Normal,0
31/12/2015 11:20:00 AM,8.514997,903.0938,Normal,0
31/12/2015 11:21:40 AM,8.520444,857.9531,Normal,0
31/12/2015 11:23:20 AM,8.516278,814.5347,Normal,0
31/12/2015 11:25:00 AM,8.513715,792.3449,Normal,0
31/12/2015 11:26:40 AM,8.519803,798.8737,Normal,0
31/12/2015 11:28:20 AM,8.523647,804.7616,Normal,0
31/12/2015 11:30:00 AM,8.523327,811.05,Normal,0
31/12/2015 11:31:40 AM,8.523327,817.0582,Normal,0
31/12/2015 11:33:20 AM,8.521726,822.5455,Normal,0
31/12/2015 11:35:00 AM,8.514676,828.834,Normal,0
31/12/2015 11:36:40 AM,8.505383,832.7993,Normal,0
31/12/2015 11:38:20 AM,8.51051,837.6458,Normal,0
31/12/2015 11:40:00 AM,8.516599,843.6539,Normal,0
31/12/2015 11:41:40 AM,8.514676,847.8996,Normal,0
31/12/2015 11:43:20 AM,8.51019,850.463,Normal,0
31/12/2015 11:45:00 AM,8.506024,858.7542,Normal,0
31/12/2015 11:46:40 AM,8.513074,886.111,Normal,0
31/12/2015 11:48:20 AM,8.501859,912.5865,Normal,0
31/12/2015 11:50:00 AM,8.493848,918.4744,Normal,0
31/12/2015 11:51:40 AM,8.494809,923.0406,Normal,0
31/12/2015 11:53:20 AM,8.489682,929.0086,Normal,0
31/12/2015 11:55:00 AM,8.492246,931.6922,Normal,0
31/12/2015 11:56:40 AM,8.483274,936.5788,Normal,0
31/12/2015 11:58:20 AM,8.490964,942.667,Normal,0
31/12/2015 12:00:00 PM,8.486157,947.7939,Normal,0
31/12/2015 12:01:40 PM,8.48808,954.5629,Normal,0
31/12/2015 12:03:20 PM,8.48808,957.4869,Normal,0
31/12/2015 12:05:00 PM,8.490644,962.4536,Normal,0
31/12/2015 12:06:40 PM,8.485837,968.4616,Normal,0
31/12/2015 12:08:20 PM,8.485196,972.3869,Normal,0
31/12/2015 12:10:00 PM,8.486478,977.0732,Normal,0
31/12/2015 12:11:40 PM,8.511472,982.0399,Normal,0
31/12/2015 12:13:20 PM,8.511792,988.6087,Normal,0
31/12/2015 12:15:00 PM,8.516599,992.534,Normal,0
31/12/2015 12:16:40 PM,8.516599,997.4205,Normal,0
31/12/2015 12:18:20 PM,8.569149,989.61,Normal,0
31/12/2015 12:20:00 PM,8.572353,972.9477,Normal,0
31/12/2015 12:21:40 PM,8.571392,931.8925,Normal,0
31/12/2015 12:23:20 PM,8.572674,888.3139,Normal,0
31/12/2015 12:25:00 PM,8.56979,844.3348,Normal,0
31/12/2015 12:26:40 PM,8.571392,800.3958,Normal,0
31/12/2015 12:28:20 PM,8.49545,793.6667,Normal,0
31/12/2015 12:30:00 PM,8.498013,799.074,Normal,0
31/12/2015 12:31:40 PM,8.500257,805.002,Normal,0
31/12/2015 12:33:20 PM,8.502179,809.1275,Normal,0
31/12/2015 12:35:00 PM,8.501859,814.4146,Normal,0
31/12/2015 12:36:40 PM,8.496411,822.3453,Normal,0
31/12/2015 12:38:20 PM,8.496411,827.4722,Normal,0
31/12/2015 12:40:00 PM,8.507627,831.838,Normal,0
31/12/2015 12:41:40 PM,8.513074,837.6058,Normal,0
31/12/2015 12:43:20 PM,8.525249,842.0117,Normal,0
31/12/2015 12:45:00 PM,8.526531,848.3001,Normal,0
31/12/2015 12:46:40 PM,8.539028,852.666,Normal,0
31/12/2015 12:48:20 PM,8.56242,856.9117,Normal,0
31/12/2015 12:50:00 PM,8.564983,868.9679,Normal,0
31/12/2015 12:51:40 PM,8.573956,909.7026,Normal,0
31/12/2015 12:53:20 PM,8.572674,916.1113,Normal,0
31/12/2015 12:55:00 PM,8.556332,922.1193,Normal,0
31/12/2015 12:56:40 PM,8.557934,924.7228,Normal,0
31/12/2015 12:58:20 PM,8.560177,930.3704,Normal,0
31/12/2015 01:00:00 PM,8.561138,936.739,Normal,0
31/12/2015 01:01:40 PM,8.566586,941.5855,Normal,0
31/12/2015 01:03:20 PM,8.567867,946.1917,Normal,0
31/12/2015 01:05:00 PM,8.569469,951.599,Normal,0
31/12/2015 01:06:40 PM,8.578762,956.9261,Normal,0
31/12/2015 01:08:20 PM,8.576839,960.8514,Normal,0
31/12/2015 01:10:00 PM,8.579403,965.6578,Normal,0
31/12/2015 01:11:40 PM,8.582287,970.3842,Normal,0
31/12/2015 01:13:20 PM,8.585812,975.0305,Normal,0
31/12/2015 01:15:00 PM,8.585171,980.4778,Normal,0
31/12/2015 01:16:40 PM,8.590298,988.7689,Normal,0
31/12/2015 01:18:20 PM,8.5919,992.3337,Normal,0
31/12/2015 01:20:00 PM,8.619137,996.8598,Normal,0
31/12/2015 01:21:40 PM,8.656947,993.6154,Normal,0
31/12/2015 01:23:20 PM,8.672328,988.6888,Normal,0
31/12/2015 01:25:00 PM,8.670085,950.3173,Normal,0
31/12/2015 01:26:40 PM,8.671367,907.8201,Normal,0
31/12/2015 01:28:20 PM,8.671687,862.9198,Normal,0
31/12/2015 01:30:00 PM,8.671367,818.9407,Normal,0
31/12/2015 01:31:40 PM,8.597027,791.3436,Normal,0
31/12/2015 01:33:20 PM,8.594463,795.1888,Normal,0
31/12/2015 01:35:00 PM,8.597027,803.8004,Normal,0
31/12/2015 01:36:40 PM,8.620739,808.5267,Normal,0
31/12/2015 01:38:20 PM,8.622341,813.213,Normal,0
31/12/2015 01:40:00 PM,8.618496,819.2611,Normal,0
31/12/2015 01:41:40 PM,8.618496,823.8673,Normal,0
31/12/2015 01:43:20 PM,8.617214,827.2318,Normal,0
31/12/2015 01:45:00 PM,8.596706,834.8821,Normal,0
31/12/2015 01:46:40 PM,8.588696,840.6098,Normal,0
31/12/2015 01:48:20 PM,8.592861,846.3375,Normal,0
31/12/2015 01:50:00 PM,8.589977,850.0625,Normal,0
31/12/2015 01:51:40 PM,8.587414,853.3469,Normal,0
31/12/2015 01:53:20 PM,8.589016,861.4378,Normal,0
31/12/2015 01:55:00 PM,8.589977,894.322,Normal,0
31/12/2015 01:56:40 PM,8.588375,912.5064,Normal,0
31/12/2015 01:58:20 PM,8.586773,919.4357,Normal,0
31/12/2015 02:00:00 PM,8.587093,925.1234,Normal,0
31/12/2015 02:01:40 PM,8.588696,930.771,Normal,0
31/12/2015 02:03:20 PM,8.588375,934.0955,Normal,0
31/12/2015 02:05:00 PM,8.5919,937.6602,Normal,0
31/12/2015 02:06:40 PM,8.594463,942.7471,Normal,0
31/12/2015 02:08:20 PM,8.588696,949.5162,Normal,0
31/12/2015 02:10:00 PM,8.592861,954.2025,Normal,0
31/12/2015 02:11:40 PM,8.591579,958.288,Normal,0
31/12/2015 02:13:20 PM,8.594463,963.7353,Normal,0
31/12/2015 02:15:00 PM,8.596386,966.5391,Normal,0
31/12/2015 02:16:40 PM,8.596386,974.2695,Normal,0
31/12/2015 02:18:20 PM,8.61401,977.9544,Normal,0
31/12/2015 02:20:00 PM,8.622341,982.08,Normal,0
31/12/2015 02:21:40 PM,8.621059,987.6074,Normal,0
31/12/2015 02:23:20 PM,8.623943,992.6542,Normal,0
31/12/2015 02:25:00 PM,8.628429,998.8625,Normal,0
31/12/2015 02:26:40 PM,8.680338,1005.311,Normal,0
31/12/2015 02:28:20 PM,8.685785,980.7982,Normal,0
31/12/2015 02:30:00 PM,8.677775,940.1436,Normal,0
31/12/2015 02:31:40 PM,8.680017,897.8067,Normal,0
31/12/2015 02:33:20 PM,8.683222,853.2668,Normal,0
31/12/2015 02:35:00 PM,8.682901,809.8484,Normal,0
31/12/2015 02:36:40 PM,8.613689,791.7441,Normal,0
31/12/2015 02:38:20 PM,8.610806,799.1541,Normal,0
31/12/2015 02:40:00 PM,8.604397,802.078,Normal,0
31/12/2015 02:41:40 PM,8.615292,809.2476,Normal,0
31/12/2015 02:43:20 PM,8.605679,812.1716,Normal,0
31/12/2015 02:45:00 PM,8.612087,818.3799,Normal,0
31/12/2015 02:46:40 PM,8.602795,826.3506,Normal,0
31/12/2015 02:48:20 PM,8.604717,827.6724,Normal,0
31/12/2015 02:50:00 PM,8.604717,835.3627,Normal,0
31/12/2015 02:51:40 PM,8.596066,840.8501,Normal,0
31/12/2015 02:53:20 PM,8.604717,845.6566,Normal,0
31/12/2015 02:55:00 PM,8.607601,850.9036,Normal,0
31/12/2015 02:56:40 PM,8.618816,854.4283,Normal,0
31/12/2015 02:58:20 PM,8.628429,875.8171,Normal,0
31/12/2015 03:00:00 PM,8.628429,908.5812,Normal,0
31/12/2015 03:01:40 PM,8.625546,915.0699,Normal,0
31/12/2015 03:03:20 PM,8.602795,918.6747,Normal,0
31/12/2015 03:05:00 PM,8.600231,924.3223,Normal,0
31/12/2015 03:06:40 PM,8.601513,930.8511,Normal,0
31/12/2015 03:08:20 PM,8.601513,933.6548,Normal,0
31/12/2015 03:10:00 PM,8.598629,939.1823,Normal,0
31/12/2015 03:11:40 PM,8.601833,943.9888,Normal,0
31/12/2015 03:13:20 PM,8.597027,949.5963,Normal,0
31/12/2015 03:15:00 PM,8.59927,953.3613,Normal,0
31/12/2015 03:16:40 PM,8.600231,958.288,Normal,0
31/12/2015 03:18:20 PM,8.600231,964.5764,Normal,0
31/12/2015 03:20:00 PM,8.59927,968.742,Normal,0
31/12/2015 03:21:40 PM,8.623943,974.6299,Normal,0
31/12/2015 03:23:20 PM,8.626507,978.3549,Normal,0
31/12/2015 03:25:00 PM,8.625866,981.4791,Normal,0
31/12/2015 03:26:40 PM,8.621059,990.6114,Normal,0
31/12/2015 03:28:20 PM,8.624905,992.0133,Normal,0
31/12/2015 03:30:00 PM,8.684183,1009.677,Normal,0
31/12/2015 03:31:40 PM,8.679378,1010.278,Normal,0
31/12/2015 03:33:20 PM,8.679698,1008.836,Attack,1
31/12/2015 03:35:00 PM,8.680338,1009.477,Normal,0
31/12/2015 03:36:40 PM,8.684504,1009.757,Normal,0
31/12/2015 03:38:20 PM,8.678416,1009.317,Normal,0
31/12/2015 03:40:00 PM,8.680017,996.0187,Normal,0
31/12/2015 03:41:40 PM,8.680017,952.7606,Normal,0
31/12/2015 03:43:20 PM,8.679698,909.7828,Normal,0
31/12/2015 03:45:00 PM,8.679378,865.283,Normal,0
31/12/2015 03:46:40 PM,8.679698,820.3425,Normal,0
31/12/2015 03:48:20 PM,8.593822,800.596,Attack,1
31/12/2015 03:50:00 PM,8.594784,811.4506,Attack,1
31/12/2015 03:51:40 PM,8.597027,825.5496,Attack,1
31/12/2015 03:53:20 PM,8.589657,837.4055,Attack,1
31/12/2015 03:55:00 PM,8.591579,851.945,Attack,1
31/12/2015 03:56:40 PM,8.589657,863.5607,Attack,1
31/12/2015 03:58:20 PM,8.586773,874.0948,Attack,1
31/12/2015 04:00:00 PM,8.578762,886.4314,Attack,1
31/12/2015 04:01:40 PM,8.575878,899.569,Attack,1
31/12/2015 04:03:20 PM,8.567547,910.3035,Attack,1
31/12/2015 04:05:00 PM,8.559856,920.9979,Attack,1
31/12/2015 04:06:40 PM,8.552807,934.1755,Attack,1
31/12/2015 04:08:20 PM,8.639324,893.4408,Normal,0
31/12/2015 04:10:00 PM,8.572674,881.7451,Normal,0
31/12/2015 04:11:40 PM,8.575237,923.8817,Normal,0
31/12/2015 04:13:20 PM,8.572994,931.1315,Normal,0
31/12/2015 04:15:00 PM,8.55505,934.8564,Normal,0
31/12/2015 04:16:40 PM,8.554729,939.9833,Normal,0
31/12/2015 04:18:20 PM,8.55537,946.0715,Normal,0
31/12/2015 04:20:00 PM,8.553448,950.2772,Normal,0
31/12/2015 04:21:40 PM,8.551846,955.6044,Normal,0
31/12/2015 04:23:20 PM,8.548321,960.6111,Normal,0
31/12/2015 04:25:00 PM,8.553768,966.4189,Normal,0
31/12/2015 04:26:40 PM,8.551205,971.0251,Normal,0
31/12/2015 04:28:20 PM,8.553768,976.7528,Normal,0
31/12/2015 04:30:00 PM,8.559216,981.7996,Normal,0
31/12/2015 04:31:40 PM,8.582287,985.084,Normal,0
31/12/2015 04:33:20 PM,8.588375,990.6114,Normal,0
31/12/2015 04:35:00 PM,8.589657,997.1001,Normal,0
31/12/2015 04:36:40 PM,8.62875,998.462,Normal,0
31/12/2015 04:38:20 PM,8.644771,955.324,Normal,0
31/12/2015 04:40:00 PM,8.642528,912.8268,Normal,0
31/12/2015 04:41:40 PM,8.643489,868.4472,Normal,0
31/12/2015 04:43:20 PM,8.646693,862.5192,Normal,0
31/12/2015 04:45:00 PM,8.647975,824.1476,Normal,0
31/12/2015 04:46:40 PM,8.570751,790.142,Normal,0
31/12/2015 04:48:20 PM,8.574596,796.871,Normal,0
31/12/2015 04:50:00 PM,8.586452,802.4786,Normal,0
31/12/2015 04:51:40 PM,8.578442,807.2049,Normal,0
31/12/2015 04:53:20 PM,8.586773,813.3331,Normal,0
31/12/2015 04:55:00 PM,8.594463,817.3786,Normal,0
31/12/2015 04:56:40 PM,8.588375,826.8313,Normal,0
31/12/2015 04:58:20 PM,8.594463,877.1389,Normal,0
31/12/2015 05:00:00 PM,8.597027,925.8444,Normal,0
31/12/2015 05:01:40 PM,8.598629,973.5485,Normal,0
31/12/2015 05:03:20 PM,8.68931,1011.64,Normal,0
31/12/2015 05:05:00 PM,8.686747,1010.959,Normal,0
31/12/2015 05:06:40 PM,8.680338,1012.24,Normal,0
31/12/2015 05:08:20 PM,8.686747,976.2321,Normal,0
31/12/2015 05:10:00 PM,8.678096,932.9339,Normal,0
31/12/2015 05:11:40 PM,8.677135,889.115,Normal,0
31/12/2015 05:13:20 PM,8.682581,845.1359,Normal,0
31/12/2015 05:15:00 PM,8.680979,801.5173,Normal,0
31/12/2015 05:16:40 PM,8.6217,792.5853,Normal,0
31/12/2015 05:18:20 PM,8.622662,798.9939,Normal,0
31/12/2015 05:20:00 PM,8.622341,803.1194,Normal,0
31/12/2015 05:21:40 PM,8.620098,812.2116,Normal,0
31/12/2015 05:23:20 PM,8.621059,814.9353,Normal,0
31/12/2015 05:25:00 PM,8.620098,819.0208,Normal,0
31/12/2015 05:26:40 PM,8.6217,825.1891,Normal,0
31/12/2015 05:28:20 PM,8.622021,831.838,Normal,0
31/12/2015 05:30:00 PM,8.59222,836.244,Normal,0
31/12/2015 05:31:40 PM,8.593182,841.0504,Normal,0
31/12/2015 05:33:20 PM,8.596386,845.8969,Normal,0
31/12/2015 05:35:00 PM,8.594463,852.5058,Normal,0
31/12/2015 05:36:40 PM,8.597668,856.5512,Normal,0
31/12/2015 05:38:20 PM,8.593822,899.8895,Normal,0
31/12/2015 05:40:00 PM,8.59927,912.6266,Normal,0
31/12/2015 05:41:40 PM,8.59927,916.1914,Normal,0
31/12/2015 05:43:20 PM,8.596386,919.9164,Normal,0
31/12/2015 05:45:00 PM,8.593502,927.4064,Normal,0
31/12/2015 05:46:40 PM,8.593822,932.4933,Normal,0
31/12/2015 05:48:20 PM,8.590298,938.3411,Normal,0
31/12/2015 05:50:00 PM,8.595104,941.946,Normal,0
31/12/2015 05:51:40 PM,8.594463,947.5936,Normal,0
31/12/2015 05:53:20 PM,8.59959,953.2011,Normal,0
31/12/2015 05:55:00 PM,8.599911,958.1277,Normal,0
31/12/2015 05:56:40 PM,8.596386,961.6525,Normal,0
31/12/2015 05:58:20 PM,8.588696,968.2614,Normal,0
31/12/2015 06:00:00 PM,8.595104,973.8689,Normal,0
31/12/2015 06:01:40 PM,8.593502,977.9944,Normal,0
31/12/2015 06:03:20 PM,8.593822,982.3603,Normal,0
31/12/2015 06:05:00 PM,8.597027,988.8491,Normal,0
31/12/2015 06:06:40 PM,8.593822,993.8157,Normal,0
31/12/2015 06:08:20 PM,8.600872,998.3418,Normal,0
31/12/2015 06:10:00 PM,8.682901,1004.31,Normal,0
31/12/2015 06:11:40 PM,8.67361,974.0291,Normal,0
31/12/2015 06:13:20 PM,8.679378,931.532,Normal,0
31/12/2015 06:15:00 PM,8.676173,887.7131,Normal,0
31/12/2015 06:16:40 PM,8.676814,842.7327,Normal,0
31/12/2015 06:18:20 PM,8.67393,798.5533,Normal,0
31/12/2015 06:20:00 PM,8.622021,793.2662,Normal,0
31/12/2015 06:21:40 PM,8.622021,799.5947,Normal,0
31/12/2015 06:23:20 PM,8.622021,806.6842,Normal,0
31/12/2015 06:25:00 PM,8.622021,851.905,Normal,0
31/12/2015 06:26:40 PM,8.617855,900.4903,Normal,0
31/12/2015 06:28:20 PM,8.617535,945.8713,Normal,0
31/12/2015 06:30:00 PM,8.618496,996.2189,Normal,0
31/12/2015 06:31:40 PM,8.677135,1010.478,Normal,0
31/12/2015 06:33:20 PM,8.671687,1009.957,Normal,0
31/12/2015 06:35:00 PM,8.670085,978.9557,Normal,0
31/12/2015 06:36:40 PM,8.671367,936.0581,Normal,0
31/12/2015 06:38:20 PM,8.672008,893.3206,Normal,0
31/12/2015 06:40:00 PM,8.667201,847.8596,Normal,0
31/12/2015 06:41:40 PM,8.668162,804.0006,Normal,0
31/12/2015 06:43:20 PM,8.581646,792.9057,Normal,0
31/12/2015 06:45:00 PM,8.582287,798.9538,Normal,0
31/12/2015 06:46:40 PM,8.582287,803.1595,Normal,0
31/12/2015 06:48:20 PM,8.580685,811.6108,Normal,0
31/12/2015 06:50:00 PM,8.578442,814.8552,Normal,0
31/12/2015 06:51:40 PM,8.580685,820.1423,Normal,0
31/12/2015 06:53:20 PM,8.575237,825.87,Normal,0
31/12/2015 06:55:00 PM,8.575558,830.4361,Normal,0
31/12/2015 06:56:40 PM,8.572994,835.6031,Normal,0
31/12/2015 06:58:20 PM,8.570751,844.1345,Normal,0
31/12/2015 07:00:00 PM,8.571392,845.0958,Normal,0
31/12/2015 07:01:40 PM,8.570431,852.9464,Normal,0
31/12/2015 07:03:20 PM,8.574276,857.2722,Normal,0
31/12/2015 07:05:00 PM,8.575558,891.9588,Normal,0
31/12/2015 07:06:40 PM,8.568829,910.8242,Normal,0
31/12/2015 07:08:20 PM,8.563061,916.6721,Normal,0
31/12/2015 07:10:00 PM,8.567867,919.5959,Normal,0
31/12/2015 07:11:40 PM,8.567867,925.4839,Normal,0
31/12/2015 07:13:20 PM,8.568188,931.4519,Normal,0
31/12/2015 07:15:00 PM,8.566586,936.9393,Normal,0
31/12/2015 07:16:40 PM,8.567226,940.3839,Normal,0
31/12/2015 07:18:20 PM,8.593502,946.2718,Normal,0
31/12/2015 07:20:00 PM,8.593502,949.9968,Normal,0
31/12/2015 07:21:40 PM,8.595104,955.2038,Normal,0
31/12/2015 07:23:20 PM,8.601833,961.1318,Normal,0
31/12/2015 07:25:00 PM,8.596706,965.9382,Normal,0
31/12/2015 07:26:40 PM,8.603115,970.264,Normal,0
31/12/2015 07:28:20 PM,8.601833,975.8716,Normal,0
31/12/2015 07:30:00 PM,8.603115,980.7582,Normal,0
31/12/2015 07:31:40 PM,8.603436,985.6848,Normal,0
31/12/2015 07:33:20 PM,8.605038,991.6929,Normal,0
31/12/2015 07:35:00 PM,8.607281,994.9372,Normal,0
31/12/2015 07:36:40 PM,8.66656,1005.632,Normal,0
31/12/2015 07:38:20 PM,8.663356,1005.832,Normal,0
31/12/2015 07:40:00 PM,8.664317,1005.471,Normal,0
31/12/2015 07:41:40 PM,8.661113,1005.632,Normal,0
31/12/2015 07:43:20 PM,8.65919,1006.032,Normal,0
31/12/2015 07:45:00 PM,8.657908,1005.351,Normal,0
31/12/2015 07:46:40 PM,8.657908,995.3378,Normal,0
31/12/2015 07:48:20 PM,8.660472,951.7993,Normal,0
31/12/2015 07:50:00 PM,8.658549,908.9016,Normal,0
31/12/2015 07:51:40 PM,8.661113,864.6421,Normal,0
31/12/2015 07:53:20 PM,8.654704,820.4227,Normal,0
31/12/2015 07:55:00 PM,8.575558,791.9444,Normal,0
31/12/2015 07:56:40 PM,8.58485,794.5078,Normal,0
31/12/2015 07:58:20 PM,8.582607,800.9565,Normal,0
31/12/2015 08:00:00 PM,8.583569,805.4826,Normal,0
31/12/2015 08:01:40 PM,8.58485,810.6495,Normal,0
31/12/2015 08:03:20 PM,8.582287,817.0582,Normal,0
31/12/2015 08:05:00 PM,8.583889,822.2651,Normal,0
31/12/2015 08:06:40 PM,8.585812,829.9955,Normal,0
31/12/2015 08:08:20 PM,8.580044,834.041,Normal,0
31/12/2015 08:10:00 PM,8.57748,839.4883,Normal,0
31/12/2015 08:11:40 PM,8.581646,844.8555,Normal,0
31/12/2015 08:13:20 PM,8.572674,849.7421,Normal,0
31/12/2015 08:15:00 PM,8.579403,855.1093,Normal,0
31/12/2015 08:16:40 PM,8.579082,862.0787,Normal,0
31/12/2015 08:18:20 PM,8.581646,901.6118,Normal,0
31/12/2015 08:20:00 PM,8.577801,913.0672,Normal,0
31/12/2015 08:21:40 PM,8.585812,918.3142,Normal,0
31/12/2015 08:23:20 PM,8.586773,924.0019,Normal,0
31/12/2015 08:25:00 PM,8.575558,928.1274,Normal,0
31/12/2015 08:26:40 PM,8.581966,934.536,Normal,0
31/12/2015 08:28:20 PM,8.581646,937.7404,Normal,0
31/12/2015 08:30:00 PM,8.579082,943.7484,Normal,0
31/12/2015 08:31:40 PM,8.588055,947.874,Normal,0
31/12/2015 08:33:20 PM,8.581966,953.4014,Normal,0
31/12/2015 08:35:00 PM,8.587093,959.5296,Normal,0
31/12/2015 08:36:40 PM,8.589657,963.5751,Normal,0
31/12/2015 08:38:20 PM,8.602795,968.0611,Normal,0
31/12/2015 08:40:00 PM,8.609524,972.4269,Normal,0
31/12/2015 08:41:40 PM,8.61433,979.0358,Normal,0
31/12/2015 08:43:20 PM,8.61433,986.3657,Normal,0
31/12/2015 08:45:00 PM,8.616894,988.3684,Normal,0
31/12/2015 08:46:40 PM,8.61401,993.8157,Normal,0
31/12/2015 08:48:20 PM,8.675212,1010.078,Normal,0
31/12/2015 08:50:00 PM,8.676494,1010.959,Normal,0
31/12/2015 08:51:40 PM,8.67361,1011.76,Normal,0
31/12/2015 08:53:20 PM,8.675212,1012.321,Normal,0
31/12/2015 08:55:00 PM,8.670726,1012.04,Normal,0
31/12/2015 08:56:40 PM,8.67393,1010.558,Normal,0
31/12/2015 08:58:20 PM,8.668162,998.8625,Normal,0
31/12/2015 09:00:00 PM,8.664317,957.9675,Normal,0
31/12/2015 09:03:01 PM,8.667201,914.5892,Normal,0
31/12/2015 09:04:41 PM,8.668803,870.9305,Normal,0
31/12/2015 09:06:21 PM,8.670726,827.1517,Normal,0
31/12/2015 09:08:01 PM,8.588696,787.2581,Normal,0
31/12/2015 09:09:41 PM,8.618496,796.15,Normal,0
31/12/2015 09:11:21 PM,8.620739,800.596,Normal,0
31/12/2015 09:13:01 PM,8.613049,805.4826,Normal,0
31/12/2015 09:14:41 PM,8.594784,812.0514,Normal,0
31/12/2015 09:16:21 PM,8.586773,817.2584,Normal,0
31/12/2015 09:18:01 PM,8.587093,823.627,Normal,0
31/12/2015 09:19:41 PM,8.585171,827.352,Normal,0
31/12/2015 09:21:21 PM,8.590618,832.559,Normal,0
31/12/2015 09:23:01 PM,8.588696,838.0463,Normal,0
31/12/2015 09:24:41 PM,8.585491,845.6967,Normal,0
31/12/2015 09:26:21 PM,8.592861,850.0225,Normal,0
31/12/2015 09:28:01 PM,8.58485,854.3483,Normal,0
31/12/2015 09:29:41 PM,8.581646,872.2123,Normal,0
31/12/2015 09:31:21 PM,8.587414,908.501,Normal,0
31/12/2015 09:33:01 PM,8.581966,913.9083,Normal,0
31/12/2015 09:34:41 PM,8.585171,919.3156,Normal,0
31/12/2015 09:36:21 PM,8.582287,925.2836,Normal,0
31/12/2015 09:38:01 PM,8.588696,930.1301,Normal,0
31/12/2015 09:39:41 PM,8.581646,934.7764,Normal,0
31/12/2015 09:41:21 PM,8.583569,939.5027,Normal,0
31/12/2015 09:43:01 PM,8.583889,945.4708,Normal,0
31/12/2015 09:44:41 PM,8.582607,949.7966,Normal,0
31/12/2015 09:46:21 PM,8.582607,953.6017,Normal,0
31/12/2015 09:48:01 PM,8.610485,959.77,Normal,0
31/12/2015 09:49:41 PM,8.613049,965.017,Normal,0
31/12/2015 09:51:21 PM,8.610806,970.264,Normal,0
31/12/2015 09:53:01 PM,8.613689,976.3522,Normal,0
31/12/2015 09:54:41 PM,8.612408,980.9985,Normal,0
31/12/2015 09:56:21 PM,8.616894,986.2055,Normal,0
31/12/2015 09:58:01 PM,8.617855,990.0106,Normal,0
31/12/2015 09:59:41 PM,8.617535,993.9359,Normal,0
31/12/2015 10:01:21 PM,8.623302,1004.15,Normal,0
31/12/2015 10:03:01 PM,8.674891,1010.278,Normal,0
31/12/2015 10:04:41 PM,8.674891,1010.919,Normal,0
31/12/2015 10:06:21 PM,8.68162,999.0627,Attack,1
31/12/2015 10:08:01 PM,8.678737,955.1638,Attack,1
31/12/2015 10:09:41 PM,8.676814,912.8669,Attack,1
31/12/2015 10:11:21 PM,8.672328,868.5273,Attack,1
31/12/2015 10:13:01 PM,8.67361,825.4294,Normal,0
31/12/2015 10:14:41 PM,8.589016,788.3796,Normal,0
31/12/2015 10:16:21 PM,8.59222,795.3089,Normal,0
31/12/2015 10:18:01 PM,8.590618,800.556,Normal,0
31/12/2015 10:19:41 PM,8.598309,804.2009,Normal,0
31/12/2015 10:21:21 PM,8.593502,811.731,Normal,0
31/12/2015 10:23:01 PM,8.589977,817.3786,Normal,0
31/12/2015 10:24:41 PM,8.589977,822.1851,Normal,0
31/12/2015 10:26:21 PM,8.588696,827.9929,Normal,0
31/12/2015 10:28:01 PM,8.585171,834.9622,Normal,0
31/12/2015 10:29:41 PM,8.588696,837.2853,Normal,0
31/12/2015 10:31:21 PM,8.585491,867.1655,Normal,0
31/12/2015 10:33:01 PM,8.576839,915.6707,Normal,0
31/12/2015 10:34:41 PM,8.582607,962.7339,Normal,0
31/12/2015 10:36:21 PM,8.632275,1009.076,Normal,0
31/12/2015 10:38:01 PM,8.674891,1009.877,Normal,0
31/12/2015 10:39:41 PM,8.672008,1010.158,Normal,0
31/12/2015 10:41:21 PM,8.668803,999.4232,Normal,0
31/12/2015 10:43:01 PM,8.668803,956.7259,Normal,0
31/12/2015 10:44:41 PM,8.674571,912.4263,Normal,0
31/12/2015 10:46:21 PM,8.668483,870.3698,Normal,0
31/12/2015 10:48:01 PM,8.663997,824.4681,Normal,0
31/12/2015 10:49:41 PM,8.57716,792.3449,Normal,0
31/12/2015 10:51:21 PM,8.577801,797.5519,Normal,0
31/12/2015 10:53:01 PM,8.573956,803.9606,Normal,0
31/12/2015 10:54:41 PM,8.603436,806.4038,Normal,0
31/12/2015 10:56:21 PM,8.601833,814.2143,Normal,0
31/12/2015 10:58:01 PM,8.600872,820.0622,Normal,0
31/12/2015 10:59:41 PM,8.596066,823.3466,Normal,0
31/12/2015 11:01:21 PM,8.599911,830.0756,Normal,0
31/12/2015 11:03:01 PM,8.597668,834.4816,Normal,0
31/12/2015 11:04:41 PM,8.596386,841.4109,Normal,0
31/12/2015 11:06:21 PM,8.573956,844.495,Normal,0
31/12/2015 11:08:01 PM,8.571392,851.144,Normal,0
31/12/2015 11:09:41 PM,8.564983,855.8303,Normal,0
31/12/2015 11:11:21 PM,8.565624,865.0427,Normal,0
31/12/2015 11:13:01 PM,8.563381,908.501,Normal,0
31/12/2015 11:14:41 PM,8.572994,915.5906,Normal,0
31/12/2015 11:16:21 PM,8.566265,919.8363,Normal,0
31/12/2015 11:18:01 PM,8.564022,923.6815,Normal,0
31/12/2015 11:19:41 PM,8.572353,928.8484,Normal,0
31/12/2015 11:21:21 PM,8.572033,934.2557,Normal,0
31/12/2015 11:23:01 PM,8.570431,938.1809,Normal,0
31/12/2015 11:24:41 PM,8.571072,944.5095,Normal,0
31/12/2015 11:26:21 PM,8.572994,950.7979,Normal,0
31/12/2015 11:28:01 PM,8.573956,957.1664,Normal,0
31/12/2015 11:29:41 PM,8.572994,959.2893,Normal,0
31/12/2015 11:31:21 PM,8.580685,967.26,Normal,0
31/12/2015 11:33:01 PM,8.575878,971.746,Normal,0
31/12/2015 11:34:41 PM,8.578762,976.3522,Normal,0
31/12/2015 11:36:21 PM,8.580685,979.9571,Normal,0
31/12/2015 11:38:01 PM,8.580044,986.3657,Normal,0
31/12/2015 11:39:41 PM,8.581646,989.61,Normal,0
31/12/2015 11:41:21 PM,8.605038,997.9413,Normal,0
31/12/2015 11:43:01 PM,8.664958,1008.475,Normal,0
31/12/2015 11:44:41 PM,8.65919,1009.357,Normal,0
31/12/2015 11:46:21 PM,8.658549,1010.118,Normal,0
31/12/2015 11:48:01 PM,8.662395,1009.116,Normal,0
31/12/2015 11:49:41 PM,8.665278,1009.116,Normal,0
31/12/2015 11:51:21 PM,8.657588,1009.637,Normal,0
31/12/2015 11:53:01 PM,8.657588,999.5434,Normal,0
31/12/2015 11:54:41 PM,8.663997,957.8073,Normal,0
31/12/2015 11:56:21 PM,8.655986,914.2688,Normal,0
31/12/2015 11:58:01 PM,8.665278,870.53,Normal,0
31/12/2015 11:59:41 PM,8.657588,825.6697,Normal,0
01/01/2016 12:01:21 AM,8.615932,789.9017,Normal,0
01/01/2016 12:03:01 AM,8.607281,795.5092,Normal,0
01/01/2016 12:04:41 AM,8.60664,799.3143,Normal,0
01/01/2016 12:06:21 AM,8.609203,805.803,Normal,0
01/01/2016 12:08:01 AM,8.607601,813.0527,Normal,0
01/01/2016 12:09:41 AM,8.605679,814.6549,Normal,0
01/01/2016 12:11:21 AM,8.604717,822.946,Normal,0
01/01/2016 12:13:01 AM,8.605679,826.4708,Normal,0
01/01/2016 12:14:41 AM,8.602474,834.1611,Normal,0
01/01/2016 12:16:21 AM,8.608883,840.1292,Normal,0
01/01/2016 12:18:01 AM,8.579082,845.7367,Normal,0
01/01/2016 12:19:41 AM,8.576199,848.8209,Normal,0
01/01/2016 12:21:21 AM,8.577801,854.6287,Normal,0
01/01/2016 12:23:01 AM,8.57748,860.9171,Normal,0
01/01/2016 12:24:41 AM,8.583569,901.6118,Normal,0
01/01/2016 12:26:21 AM,8.573956,912.7868,Normal,0
01/01/2016 12:28:01 AM,8.574276,919.1954,Normal,0
01/01/2016 12:29:41 AM,8.579082,923.0806,Normal,0
01/01/2016 12:31:21 AM,8.580364,928.9285,Normal,0
01/01/2016 12:33:01 AM,8.578762,935.0568,Normal,0
01/01/2016 12:34:41 AM,8.579082,938.261,Normal,0
01/01/2016 12:36:21 AM,8.584209,944.4694,Normal,0
01/01/2016 12:38:01 AM,8.582607,948.7952,Normal,0
01/01/2016 12:39:41 AM,8.572994,953.7619,Normal,0
01/01/2016 12:41:21 AM,8.583248,959.0891,Normal,0
01/01/2016 12:43:01 AM,8.585171,964.5364,Normal,0
01/01/2016 12:44:41 AM,8.582607,970.3442,Normal,0
01/01/2016 12:46:21 AM,8.580364,972.9877,Normal,0
01/01/2016 12:48:01 AM,8.580685,978.1947,Normal,0
01/01/2016 12:49:41 AM,8.577801,983.4818,Normal,0
01/01/2016 12:51:21 AM,8.585171,988.048,Normal,0
01/01/2016 12:53:01 AM,8.583889,993.5353,Normal,0
01/01/2016 12:54:41 AM,8.656947,1011.159,Normal,0
01/01/2016 12:56:21 AM,8.675532,1010.358,Normal,0
01/01/2016 12:58:01 AM,8.674571,1010.959,Normal,0
01/01/2016 12:59:41 AM,8.67361,1010.638,Normal,0
01/01/2016 01:01:21 AM,8.670085,1010.879,Normal,0
01/01/2016 01:03:01 AM,8.669124,1009.837,Normal,0
01/01/2016 01:04:41 AM,8.671367,1007.033,Normal,0
01/01/2016 01:06:21 AM,8.670405,964.2159,Normal,0
01/01/2016 01:08:01 AM,8.667521,920.317,Normal,0
01/01/2016 01:09:41 AM,8.667521,877.7798,Normal,0
01/01/2016 01:11:21 AM,8.668162,833.7606,Normal,0
01/01/2016 01:13:01 AM,8.634518,790.3823,Normal,0
01/01/2016 01:14:41 AM,8.609524,792.6653,Normal,0
01/01/2016 01:16:21 AM,8.607601,798.9138,Normal,0
01/01/2016 01:18:01 AM,8.609524,803.6802,Normal,0
01/01/2016 01:19:41 AM,8.609203,809.1275,Normal,0
01/01/2016 01:21:21 AM,8.607922,812.7324,Normal,0
01/01/2016 01:23:01 AM,8.608883,819.3813,Normal,0
01/01/2016 01:24:41 AM,8.605999,826.9514,Normal,0
01/01/2016 01:26:21 AM,8.605999,833.0396,Normal,0
01/01/2016 01:28:01 AM,8.603436,837.1652,Normal,0
01/01/2016 01:29:41 AM,8.602795,841.0905,Normal,0
01/01/2016 01:31:21 AM,8.578762,845.8969,Normal,0
01/01/2016 01:33:01 AM,8.572994,851.7448,Normal,0
01/01/2016 01:34:41 AM,8.575237,857.3523,Normal,0
01/01/2016 01:36:21 AM,8.57748,890.9975,Normal,0
01/01/2016 01:38:01 AM,8.57748,909.4623,Normal,0
01/01/2016 01:39:41 AM,8.577801,914.4691,Normal,0
01/01/2016 01:41:21 AM,8.575237,920.5973,Normal,0
01/01/2016 01:43:01 AM,8.577801,925.8844,Normal,0
01/01/2016 01:44:41 AM,8.576199,931.3718,Normal,0
01/01/2016 01:46:21 AM,8.574276,935.0968,Normal,0
01/01/2016 01:48:01 AM,8.580044,940.3038,Normal,0
01/01/2016 01:49:41 AM,8.57748,946.1116,Normal,0
01/01/2016 01:51:21 AM,8.574276,949.7164,Normal,0
01/01/2016 01:53:01 AM,8.576839,955.6844,Normal,0
01/01/2016 01:54:41 AM,8.581005,959.3293,Normal,0
01/01/2016 01:56:21 AM,8.579082,966.3788,Normal,0
01/01/2016 01:58:01 AM,8.578442,971.2654,Normal,0
01/01/2016 01:59:41 AM,8.580685,975.7514,Normal,0
01/01/2016 02:01:21 AM,8.589977,979.9571,Normal,0
01/01/2016 02:03:01 AM,8.583248,985.8851,Normal,0
01/01/2016 02:04:41 AM,8.590298,989.2496,Normal,0
01/01/2016 02:06:21 AM,8.626827,1011.319,Normal,0
01/01/2016 02:08:01 AM,8.682581,1012.641,Normal,0
01/01/2016 02:09:41 AM,8.680338,1012.841,Normal,0
01/01/2016 02:11:21 AM,8.678416,1013.242,Normal,0
01/01/2016 02:13:01 AM,8.676494,1012.641,Normal,0
01/01/2016 02:14:41 AM,8.676494,1013.162,Normal,0
01/01/2016 02:16:21 AM,8.674571,1005.752,Normal,0
01/01/2016 02:18:01 AM,8.678416,965.5778,Normal,0
01/01/2016 02:19:41 AM,8.672328,921.6387,Normal,0
01/01/2016 02:21:21 AM,8.672328,876.5381,Normal,0
01/01/2016 02:23:01 AM,8.671687,832.7993,Normal,0
01/01/2016 02:24:41 AM,8.601513,792.3449,Normal,0
01/01/2016 02:26:21 AM,8.616894,797.9525,Normal,0
01/01/2016 02:28:01 AM,8.615612,799.1541,Normal,0
01/01/2016 02:29:41 AM,8.617855,807.1248,Normal,0
01/01/2016 02:31:21 AM,8.615932,813.5334,Normal,0
01/01/2016 02:33:01 AM,8.615292,819.7818,Normal,0
01/01/2016 02:34:41 AM,8.611446,821.9447,Normal,0
01/01/2016 02:36:21 AM,8.611446,830.1958,Normal,0
01/01/2016 02:38:01 AM,8.609844,833.5603,Normal,0
01/01/2016 02:39:41 AM,8.610806,839.8889,Normal,0
01/01/2016 02:41:21 AM,8.587414,845.4163,Normal,0
01/01/2016 02:43:01 AM,8.586452,850.463,Normal,0
01/01/2016 02:44:41 AM,8.586773,855.4297,Normal,0
01/01/2016 02:46:21 AM,8.586773,863.1201,Normal,0
01/01/2016 02:48:01 AM,8.5919,908.1806,Normal,0
01/01/2016 02:49:41 AM,8.591579,915.3903,Normal,0
01/01/2016 02:51:21 AM,8.582607,920.0366,Normal,0
01/01/2016 02:53:01 AM,8.592861,926.0046,Normal,0
01/01/2016 02:54:41 AM,8.593502,929.7296,Normal,0
01/01/2016 02:56:21 AM,8.592861,933.054,Normal,0
01/01/2016 02:58:01 AM,8.592861,940.5041,Normal,0
01/01/2016 02:59:41 AM,8.591579,943.3479,Normal,0
01/01/2016 03:01:21 AM,8.583569,949.3159,Normal,0
01/01/2016 03:03:01 AM,8.581646,953.121,Normal,0
01/01/2016 03:04:41 AM,8.588375,959.0089,Normal,0
01/01/2016 03:06:21 AM,8.592861,964.5764,Normal,0
01/01/2016 03:08:01 AM,8.595104,969.9436,Normal,0
01/01/2016 03:09:41 AM,8.5919,974.6299,Normal,0
01/01/2016 03:11:21 AM,8.594463,981.2388,Normal,0
01/01/2016 03:13:01 AM,8.593822,984.0025,Normal,0
01/01/2016 03:14:41 AM,8.595425,986.8864,Normal,0
01/01/2016 03:16:21 AM,8.595104,994.7369,Normal,0
01/01/2016 03:18:01 AM,8.604397,1010.438,Normal,0
01/01/2016 03:19:41 AM,8.68899,1013.442,Normal,0
01/01/2016 03:21:21 AM,8.680338,1013.362,Normal,0
01/01/2016 03:23:01 AM,8.682581,1013.162,Normal,0
01/01/2016 03:24:41 AM,8.679698,1013.883,Normal,0
01/01/2016 03:26:21 AM,8.680979,1013.843,Normal,0
01/01/2016 03:28:01 AM,8.678737,1013.242,Normal,0
01/01/2016 03:29:41 AM,8.680017,971.4657,Normal,0
01/01/2016 03:31:21 AM,8.677775,930.3304,Normal,0
01/01/2016 03:33:01 AM,8.670726,887.1523,Normal,0
01/01/2016 03:34:41 AM,8.675212,841.8114,Normal,0
01/01/2016 03:36:21 AM,8.67393,798.0726,Normal,0
01/01/2016 03:38:01 AM,8.616894,793.0659,Normal,0
01/01/2016 03:39:41 AM,8.617855,797.9124,Normal,0
01/01/2016 03:41:21 AM,8.616894,805.803,Normal,0
01/01/2016 03:43:01 AM,8.616894,810.3291,Normal,0
01/01/2016 03:44:41 AM,8.615292,815.1356,Normal,0
01/01/2016 03:46:21 AM,8.613049,820.3826,Normal,0
01/01/2016 03:48:01 AM,8.616253,825.87,Normal,0
01/01/2016 03:49:41 AM,8.613049,831.7579,Normal,0
01/01/2016 03:51:21 AM,8.610806,835.8033,Normal,0
01/01/2016 03:53:01 AM,8.609524,843.6138,Normal,0
01/01/2016 03:54:41 AM,8.588055,846.8983,Normal,0
01/01/2016 03:56:21 AM,8.585171,853.8676,Normal,0
01/01/2016 03:58:01 AM,8.585171,859.2749,Normal,0
01/01/2016 03:59:41 AM,8.58485,897.7266,Normal,0
01/01/2016 04:01:21 AM,8.584209,911.6653,Normal,0
01/01/2016 04:03:01 AM,8.580364,918.0339,Normal,0
01/01/2016 04:04:41 AM,8.579403,923.2008,Normal,0
01/01/2016 04:06:21 AM,8.582287,928.2075,Normal,0
01/01/2016 04:08:01 AM,8.582287,932.7336,Normal,0
01/01/2016 04:09:41 AM,8.585171,937.0594,Normal,0
01/01/2016 04:11:21 AM,8.581966,942.1062,Normal,0
01/01/2016 04:13:01 AM,8.588055,947.9941,Normal,0
01/01/2016 04:14:41 AM,8.589977,953.9622,Normal,0
01/01/2016 04:16:21 AM,8.585171,959.2092,Normal,0
01/01/2016 04:18:01 AM,8.590618,964.4562,Normal,0
01/01/2016 04:19:41 AM,8.580044,968.5417,Normal,0
01/01/2016 04:21:21 AM,8.585812,975.3509,Normal,0
01/01/2016 04:23:01 AM,8.588055,977.2735,Normal,0
01/01/2016 04:24:41 AM,8.587093,986.3657,Normal,0
01/01/2016 04:26:21 AM,8.595425,989.1695,Normal,0
01/01/2016 04:28:01 AM,8.587414,994.056,Normal,0
01/01/2016 04:29:41 AM,8.591259,1000.905,Normal,0
01/01/2016 04:31:21 AM,8.68194,993.2549,Normal,0
01/01/2016 04:33:01 AM,8.687387,993.0547,Normal,0
01/01/2016 04:34:41 AM,8.678416,993.0547,Normal,0
01/01/2016 04:36:21 AM,8.674571,992.8144,Normal,0
01/01/2016 04:38:01 AM,8.669765,993.0547,Normal,0
01/01/2016 04:39:41 AM,8.672328,993.1348,Normal,0
01/01/2016 04:41:21 AM,8.671687,975.1907,Normal,0
01/01/2016 04:43:01 AM,8.671367,933.2944,Normal,0
01/01/2016 04:44:41 AM,8.676173,890.1564,Normal,0
01/01/2016 04:46:21 AM,8.670726,845.4163,Normal,0
01/01/2016 04:48:01 AM,8.665919,801.3571,Normal,0
01/01/2016 04:49:41 AM,8.605038,792.1046,Normal,0
01/01/2016 04:51:21 AM,8.616253,799.3544,Normal,0
01/01/2016 04:53:01 AM,8.612087,803.2796,Normal,0
01/01/2016 04:54:41 AM,8.613049,810.5294,Normal,0
01/01/2016 04:56:21 AM,8.609524,814.7751,Normal,0
01/01/2016 04:58:01 AM,8.609844,819.4213,Normal,0
01/01/2016 04:59:41 AM,8.609203,826.2705,Normal,0
01/01/2016 05:01:21 AM,8.605999,830.6765,Normal,0
01/01/2016 05:03:01 AM,8.605679,836.284,Normal,0
01/01/2016 05:04:41 AM,8.583889,844.0144,Normal,0
01/01/2016 05:06:21 AM,8.581005,847.0985,Normal,0
01/01/2016 05:08:01 AM,8.580364,851.7448,Normal,0
01/01/2016 05:09:41 AM,8.580685,859.4752,Normal,0
01/01/2016 05:11:21 AM,8.581005,867.4459,Normal,0
01/01/2016 05:13:01 AM,8.577801,911.1846,Normal,0
01/01/2016 05:14:41 AM,8.582607,918.1941,Normal,0
01/01/2016 05:16:21 AM,8.580364,923.0005,Normal,0
01/01/2016 05:18:01 AM,8.583889,928.0873,Normal,0
01/01/2016 05:19:41 AM,8.593822,933.775,Normal,0
01/01/2016 05:21:21 AM,8.585491,937.5,Normal,0
01/01/2016 05:23:01 AM,8.588055,942.9473,Normal,0
01/01/2016 05:24:41 AM,8.593502,947.9941,Normal,0
01/01/2016 05:26:21 AM,8.598309,951.4788,Normal,0
01/01/2016 05:28:01 AM,8.601513,956.5256,Normal,0
01/01/2016 05:29:41 AM,8.600872,961.8527,Normal,0
01/01/2016 05:31:21 AM,8.602474,969.0224,Normal,0
01/01/2016 05:33:01 AM,8.605999,974.2294,Normal,0
01/01/2016 05:34:41 AM,8.605038,977.4738,Normal,0
01/01/2016 05:36:21 AM,8.602474,983.562,Normal,0
01/01/2016 05:38:01 AM,8.605999,989.4899,Normal,0
01/01/2016 05:39:41 AM,8.609844,995.6182,Normal,0
01/01/2016 05:41:21 AM,8.607922,997.5007,Normal,0
01/01/2016 05:43:01 AM,8.69636,976.4324,Normal,0
01/01/2016 05:44:41 AM,8.692514,978.2748,Normal,0
01/01/2016 05:46:21 AM,8.690912,978.5552,Normal,0
01/01/2016 05:48:01 AM,8.693155,978.395,Normal,0
01/01/2016 05:49:41 AM,8.686426,978.7555,Normal,0
01/01/2016 05:51:21 AM,8.687387,977.9944,Normal,0
01/01/2016 05:53:01 AM,8.689951,978.4351,Normal,0
01/01/2016 05:54:41 AM,8.685785,943.3879,Normal,0
01/01/2016 05:56:21 AM,8.686426,900.0497,Normal,0
01/01/2016 05:58:01 AM,8.683222,855.8703,Normal,0
01/01/2016 05:59:41 AM,8.683222,810.9299,Normal,0
01/01/2016 06:01:21 AM,8.629711,790.903,Normal,0
01/01/2016 06:03:01 AM,8.631634,796.6707,Normal,0
01/01/2016 06:04:41 AM,8.631313,802.5186,Normal,0
01/01/2016 06:06:21 AM,8.627468,808.006,Normal,0
01/01/2016 06:08:01 AM,8.630672,814.9353,Normal,0
01/01/2016 06:09:41 AM,8.627148,817.9794,Normal,0
01/01/2016 06:11:21 AM,8.631313,824.428,Normal,0
01/01/2016 06:13:01 AM,8.626827,830.0356,Normal,0
01/01/2016 06:14:41 AM,8.628109,836.7646,Normal,0
01/01/2016 06:16:21 AM,8.624264,840.2093,Normal,0
01/01/2016 06:18:01 AM,8.623943,845.6967,Normal,0
01/01/2016 06:19:41 AM,8.604076,850.8636,Normal,0
01/01/2016 06:21:21 AM,8.598629,858.0332,Normal,0
01/01/2016 06:23:01 AM,8.597988,860.3563,Normal,0
01/01/2016 06:24:41 AM,8.601192,901.4115,Normal,0
01/01/2016 06:26:21 AM,8.59927,914.5091,Normal,0
01/01/2016 06:28:01 AM,8.601833,921.0379,Normal,0
01/01/2016 06:29:41 AM,8.597988,924.2021,Normal,0
01/01/2016 06:31:21 AM,8.598309,931.2516,Normal,0
01/01/2016 06:33:01 AM,8.601833,934.6962,Normal,0
01/01/2016 06:34:41 AM,8.600231,940.9046,Normal,0
01/01/2016 06:36:21 AM,8.601192,945.1503,Normal,0
01/01/2016 06:38:01 AM,8.596706,949.6764,Normal,0
01/01/2016 06:39:41 AM,8.598309,955.6044,Normal,0
01/01/2016 06:41:21 AM,8.601513,960.6511,Normal,0
01/01/2016 06:43:01 AM,8.598629,964.5364,Normal,0
01/01/2016 06:44:41 AM,8.601513,969.7433,Normal,0
01/01/2016 06:46:21 AM,8.603436,975.1506,Normal,0
01/01/2016 06:48:01 AM,8.602474,981.6393,Normal,0
01/01/2016 06:49:41 AM,8.604397,985.2042,Normal,0
01/01/2016 06:51:21 AM,8.609203,990.1708,Normal,0
01/01/2016 06:53:01 AM,8.606319,994.4966,Normal,0
01/01/2016 06:54:41 AM,8.606319,1001.226,Normal,0
01/01/2016 06:56:21 AM,8.694437,988.809,Normal,0
01/01/2016 06:58:01 AM,8.688028,962.4536,Normal,0
01/01/2016 06:59:41 AM,8.690912,919.2755,Normal,0
01/01/2016 07:01:21 AM,8.689631,875.4166,Normal,0
01/01/2016 07:03:01 AM,8.688028,830.5963,Normal,0
01/01/2016 07:04:41 AM,8.613049,788.66,Normal,0
01/01/2016 07:06:21 AM,8.599911,794.7081,Normal,0
01/01/2016 07:08:01 AM,8.60664,802.5186,Normal,0
01/01/2016 07:09:41 AM,8.603115,819.3813,Normal,0
01/01/2016 07:11:21 AM,8.626507,871.5714,Normal,0
01/01/2016 07:13:01 AM,8.626507,917.6333,Normal,0
01/01/2016 07:14:41 AM,8.625225,966.7794,Normal,0
01/01/2016 07:16:21 AM,8.65887,1009.317,Normal,0
01/01/2016 07:18:01 AM,8.679698,1010.078,Normal,0
01/01/2016 07:19:41 AM,8.676814,1008.235,Normal,0
01/01/2016 07:21:21 AM,8.677775,964.5764,Normal,0
01/01/2016 07:23:01 AM,8.676494,922.6401,Normal,0
01/01/2016 07:24:41 AM,8.678096,880.5835,Normal,0
01/01/2016 07:26:21 AM,8.675212,834.5616,Normal,0
01/01/2016 07:28:01 AM,8.656306,791.9444,Normal,0
01/01/2016 07:29:41 AM,8.617214,794.0673,Normal,0
01/01/2016 07:31:21 AM,8.617855,798.5533,Normal,0
01/01/2016 07:33:01 AM,8.616894,806.4038,Normal,0
01/01/2016 07:34:41 AM,8.596066,810.4493,Normal,0
01/01/2016 07:36:21 AM,8.586773,817.4186,Normal,0
01/01/2016 07:38:01 AM,8.581966,821.5842,Normal,0
01/01/2016 07:39:41 AM,8.585812,825.2291,Normal,0
01/01/2016 07:41:21 AM,8.585812,833.6805,Normal,0
01/01/2016 07:43:01 AM,8.579403,837.045,Normal,0
01/01/2016 07:44:41 AM,8.580685,844.5351,Normal,0
01/01/2016 07:46:21 AM,8.581005,850.1025,Normal,0
01/01/2016 07:48:01 AM,8.579082,854.6287,Normal,0
01/01/2016 07:49:41 AM,8.572033,859.0746,Normal,0
01/01/2016 07:51:21 AM,8.574596,893.1204,Normal,0
01/01/2016 07:53:01 AM,8.576839,913.4677,Normal,0
01/01/2016 07:54:41 AM,8.580044,918.3142,Normal,0
01/01/2016 07:56:21 AM,8.578442,923.0406,Normal,0
01/01/2016 07:58:01 AM,8.572674,928.6081,Normal,0
01/01/2016 07:59:41 AM,8.577801,934.536,Normal,0
01/01/2016 08:01:21 AM,8.57748,939.0621,Normal,0
01/01/2016 08:03:01 AM,8.579403,943.1075,Normal,0
01/01/2016 08:04:41 AM,8.581966,949.1157,Normal,0
01/01/2016 08:06:21 AM,8.581966,953.7619,Normal,0
01/01/2016 08:08:01 AM,8.607922,958.9288,Normal,0
01/01/2016 08:09:41 AM,8.607922,965.4576,Normal,0
01/01/2016 08:11:21 AM,8.613049,969.6232,Normal,0
01/01/2016 08:13:01 AM,8.613049,973.6286,Normal,0
01/01/2016 08:14:41 AM,8.615612,978.1947,Normal,0
01/01/2016 08:16:21 AM,8.616894,985.6848,Normal,0
01/01/2016 08:18:01 AM,8.620419,991.2923,Normal,0
01/01/2016 08:19:41 AM,8.618496,993.9359,Normal,0
01/01/2016 08:21:21 AM,8.652461,996.0988,Normal,0
01/01/2016 08:23:01 AM,8.679378,975.9918,Normal,0
01/01/2016 08:24:41 AM,8.676814,976.4724,Normal,0
01/01/2016 08:26:21 AM,8.673289,976.6727,Normal,0
01/01/2016 08:28:01 AM,8.672969,976.5926,Normal,0
01/01/2016 08:29:41 AM,8.672969,975.5511,Normal,0
01/01/2016 08:31:21 AM,8.672328,976.6326,Normal,0
01/01/2016 08:33:01 AM,8.671687,967.8608,Normal,0
01/01/2016 08:34:41 AM,8.671687,924.4825,Normal,0
01/01/2016 08:36:21 AM,8.667521,881.8252,Normal,0
01/01/2016 08:38:01 AM,8.67393,835.6832,Normal,0
01/01/2016 08:39:41 AM,8.668803,794.1473,Normal,0
01/01/2016 08:41:21 AM,8.596386,794.668,Normal,0
01/01/2016 08:43:01 AM,8.597027,799.114,Normal,0
01/01/2016 08:44:41 AM,8.596066,806.1635,Normal,0
01/01/2016 08:46:21 AM,8.595425,812.4119,Normal,0
01/01/2016 08:48:01 AM,8.594784,816.8178,Normal,0
01/01/2016 08:49:41 AM,8.596386,821.6643,Normal,0
01/01/2016 08:51:21 AM,8.589657,825.7899,Normal,0
01/01/2016 08:53:01 AM,8.593182,833.8407,Normal,0
01/01/2016 08:54:41 AM,8.587414,837.4456,Normal,0
01/01/2016 08:56:21 AM,8.588375,843.2534,Normal,0
01/01/2016 08:58:01 AM,8.593182,848.4203,Normal,0
01/01/2016 08:59:41 AM,8.585812,855.2695,Normal,0
01/01/2016 09:01:21 AM,8.595104,859.0345,Normal,0
01/01/2016 09:03:01 AM,8.585491,863.841,Normal,0
01/01/2016 09:04:41 AM,8.581966,905.8575,Normal,0
01/01/2016 09:06:21 AM,8.590298,918.114,Normal,0
01/01/2016 09:08:01 AM,8.583889,923.6414,Normal,0
01/01/2016 09:09:41 AM,8.581646,928.8484,Normal,0
01/01/2016 09:11:21 AM,8.59222,933.775,Normal,0
01/01/2016 09:13:01 AM,8.593182,939.0621,Normal,0
01/01/2016 09:14:41 AM,8.58485,944.95,Normal,0
01/01/2016 09:16:21 AM,8.588375,951.3586,Normal,0
01/01/2016 09:18:01 AM,8.594784,953.9221,Normal,0
01/01/2016 09:19:41 AM,8.620739,959.81,Normal,0
01/01/2016 09:21:21 AM,8.625866,965.2573,Normal,0
01/01/2016 09:23:01 AM,8.626507,968.4216,Normal,0
01/01/2016 09:24:41 AM,8.630032,976.9531,Normal,0
01/01/2016 09:26:21 AM,8.629711,978.9958,Normal,0
01/01/2016 09:28:01 AM,8.630672,984.2429,Normal,0
01/01/2016 09:29:41 AM,8.632915,989.8103,Normal,0
01/01/2016 09:31:21 AM,8.637722,996.4593,Normal,0
01/01/2016 09:33:01 AM,8.697962,989.6501,Normal,0
01/01/2016 09:34:41 AM,8.694437,949.9968,Normal,0
01/01/2016 09:36:21 AM,8.693155,951.7993,Normal,0
01/01/2016 09:38:01 AM,8.695398,951.5189,Normal,0
01/01/2016 09:39:41 AM,8.692194,951.1984,Normal,0
01/01/2016 09:41:21 AM,8.693155,951.9995,Normal,0
01/01/2016 09:43:01 AM,8.684824,952.3199,Normal,0
01/01/2016 09:44:41 AM,8.693796,951.7592,Normal,0
01/01/2016 09:46:21 AM,8.690912,915.5906,Normal,0
01/01/2016 09:48:01 AM,8.690912,871.1709,Normal,0
01/01/2016 09:49:41 AM,8.685785,827.4722,Normal,0
01/01/2016 09:51:21 AM,8.611446,789.2608,Normal,0
01/01/2016 09:53:01 AM,8.613689,796.5506,Normal,0
01/01/2016 09:54:41 AM,8.608883,803.3597,Normal,0
01/01/2016 09:56:21 AM,8.613049,807.8057,Normal,0
01/01/2016 09:58:01 AM,8.607922,813.5334,Normal,0
01/01/2016 09:59:41 AM,8.615612,819.181,Normal,0
01/01/2016 10:01:21 AM,8.612408,822.5455,Normal,0
01/01/2016 10:03:01 AM,8.615612,828.7538,Normal,0
01/01/2016 10:04:41 AM,8.603115,835.2025,Normal,0
01/01/2016 10:06:21 AM,8.60664,840.4896,Normal,0
01/01/2016 10:08:01 AM,8.610485,845.6566,Normal,0
01/01/2016 10:09:41 AM,8.603436,851.0238,Normal,0
01/01/2016 10:11:21 AM,8.609203,857.873,Normal,0
01/01/2016 10:13:01 AM,8.601513,861.558,Normal,0
01/01/2016 10:14:41 AM,8.606319,866.1641,Normal,0
01/01/2016 10:16:21 AM,8.604397,901.3715,Normal,0
01/01/2016 10:18:01 AM,8.616253,921.2782,Normal,0
01/01/2016 10:19:41 AM,8.605999,926.1248,Normal,0
01/01/2016 10:21:21 AM,8.602795,930.4906,Normal,0
01/01/2016 10:23:01 AM,8.608883,935.7777,Normal,0
01/01/2016 10:24:41 AM,8.600872,941.7057,Normal,0
01/01/2016 10:26:21 AM,8.621059,947.3933,Normal,0
01/01/2016 10:28:01 AM,8.629711,952.3199,Normal,0
01/01/2016 10:29:41 AM,8.629711,956.6858,Normal,0
01/01/2016 10:31:21 AM,8.631954,964.0157,Normal,0
01/01/2016 10:33:01 AM,8.62907,968.742,Normal,0
01/01/2016 10:34:41 AM,8.628109,974.1493,Normal,0
01/01/2016 10:36:21 AM,8.632915,977.674,Attack,1
01/01/2016 10:38:01 AM,8.697001,1201,Attack,1
01/01/2016 10:39:41 AM,8.686106,1201,Attack,1
01/01/2016 10:41:21 AM,8.694117,1201,Attack,1
01/01/2016 10:43:01 AM,8.681299,1201,Attack,1
01/01/2016 10:44:41 AM,8.688028,1201,Attack,1
01/01/2016 10:46:21 AM,8.68194,1201,Normal,0
01/01/2016 10:48:01 AM,8.613689,748.6061,Normal,0
01/01/2016 10:49:41 AM,8.604076,799.074,Normal,0
01/01/2016 10:51:21 AM,8.607601,847.6192,Normal,0
01/01/2016 10:53:01 AM,8.608242,895.7639,Normal,0
01/01/2016 10:54:41 AM,8.601833,943.5482,Normal,0
01/01/2016 10:56:21 AM,8.601833,990.4913,Normal,0
01/01/2016 10:58:01 AM,8.689951,993.4552,Normal,0
01/01/2016 10:59:41 AM,8.696039,951.0782,Normal,0
01/01/2016 11:01:21 AM,8.697001,907.4997,Normal,0
01/01/2016 11:03:01 AM,8.688028,862.9198,Normal,0
01/01/2016 11:04:41 AM,8.690912,819.2211,Normal,0
01/01/2016 11:06:21 AM,8.602474,791.3436,Normal,0
01/01/2016 11:08:01 AM,8.592861,797.6721,Normal,0
01/01/2016 11:09:41 AM,8.594784,802.9191,Normal,0
01/01/2016 11:11:21 AM,8.592861,808.1662,Normal,0
01/01/2016 11:13:01 AM,8.614651,814.0541,Normal,0
01/01/2016 11:14:41 AM,8.619457,818.5802,Normal,0
01/01/2016 11:16:21 AM,8.622021,824.8687,Normal,0
01/01/2016 11:18:01 AM,8.618496,830.9969,Normal,0
01/01/2016 11:19:41 AM,8.617855,837.1652,Normal,0
01/01/2016 11:21:21 AM,8.616894,840.9302,Normal,0
01/01/2016 11:23:01 AM,8.593822,847.5391,Normal,0
01/01/2016 11:24:41 AM,8.589977,852.8663,Normal,0
01/01/2016 11:26:21 AM,8.591259,855.8303,Normal,0
01/01/2016 11:28:01 AM,8.593502,880.944,Normal,0
01/01/2016 11:29:41 AM,8.594784,910.0231,Normal,0
01/01/2016 11:31:21 AM,8.596066,916.0312,Normal,0
01/01/2016 11:33:01 AM,8.593822,922.2795,Normal,0
01/01/2016 11:34:41 AM,8.592861,928.0473,Normal,0
01/01/2016 11:36:21 AM,8.597027,931.9726,Normal,0
01/01/2016 11:38:01 AM,8.593182,937.3398,Normal,0
01/01/2016 11:39:41 AM,8.596066,941.3051,Normal,0
01/01/2016 11:41:21 AM,8.593822,946.9928,Normal,0
01/01/2016 11:43:01 AM,8.596066,951.9995,Normal,0
01/01/2016 11:44:41 AM,8.606319,955.5643,Normal,0
01/01/2016 11:46:21 AM,8.601192,961.2119,Normal,0
01/01/2016 11:48:01 AM,8.607281,968.0611,Normal,0
01/01/2016 11:49:41 AM,8.59927,972.9877,Normal,0
01/01/2016 11:51:21 AM,8.603436,979.0358,Normal,0
01/01/2016 11:53:01 AM,8.609844,982.8409,Normal,0
01/01/2016 11:54:41 AM,8.62907,988.0079,Normal,0
01/01/2016 11:56:21 AM,8.62875,994.8171,Normal,0
01/01/2016 11:58:01 AM,8.628109,998.502,Normal,0
01/01/2016 11:59:41 AM,8.688028,990.3711,Normal,0
01/01/2016 12:01:21 PM,8.682901,980.1573,Normal,0
01/01/2016 12:03:01 PM,8.684183,937.7003,Normal,0
01/01/2016 12:04:41 PM,8.686106,894.4021,Normal,0
01/01/2016 12:06:21 PM,8.688349,850.1025,Normal,0
01/01/2016 12:08:01 PM,8.682581,805.4826,Normal,0
01/01/2016 12:09:41 PM,8.633236,792.3049,Normal,0
01/01/2016 12:11:21 PM,8.632915,799.5146,Normal,0
01/01/2016 12:13:01 PM,8.636761,805.3624,Normal,0
01/01/2016 12:14:41 PM,8.633236,834.2412,Normal,0
01/01/2016 12:16:21 PM,8.630032,884.3085,Normal,0
01/01/2016 12:18:01 PM,8.629711,930.9713,Normal,0
01/01/2016 12:19:41 PM,8.630032,978.5953,Normal,0
01/01/2016 12:21:21 PM,8.697001,1009.437,Normal,0
01/01/2016 12:23:01 PM,8.691233,1010.318,Normal,0
01/01/2016 12:24:41 PM,8.686747,995.2576,Normal,0
01/01/2016 12:26:21 PM,8.691233,953.4815,Normal,0
01/01/2016 12:28:01 PM,8.68899,910.704,Normal,0
01/01/2016 12:29:41 PM,8.687387,865.6835,Normal,0
01/01/2016 12:31:21 PM,8.687708,822.8259,Normal,0
01/01/2016 12:33:01 PM,8.609524,789.9017,Normal,0
01/01/2016 12:34:41 PM,8.615292,794.588,Normal,0
01/01/2016 12:36:21 PM,8.615292,804.0807,Normal,0
01/01/2016 12:38:01 PM,8.610806,810.8498,Normal,0
01/01/2016 12:39:41 PM,8.611126,813.974,Normal,0
01/01/2016 12:41:21 PM,8.607601,820.2625,Normal,0
01/01/2016 12:43:01 PM,8.610806,823.6671,Normal,0
01/01/2016 12:44:41 PM,8.609844,829.595,Normal,0
01/01/2016 12:46:21 PM,8.609844,838.1665,Normal,0
01/01/2016 12:48:01 PM,8.607601,839.0878,Normal,0
01/01/2016 12:49:41 PM,8.607922,845.6566,Normal,0
01/01/2016 12:51:21 PM,8.611446,851.7047,Normal,0
01/01/2016 12:53:01 PM,8.609844,858.2335,Normal,0
01/01/2016 12:54:41 PM,8.610806,874.3351,Normal,0
01/01/2016 12:56:21 PM,8.607601,912.5064,Normal,0
01/01/2016 12:58:01 PM,8.610485,918.4344,Normal,0
01/01/2016 12:59:41 PM,8.609203,921.2382,Normal,0
01/01/2016 01:01:21 PM,8.609844,926.8057,Normal,0
01/01/2016 01:03:01 PM,8.610806,933.6949,Normal,0
01/01/2016 01:04:41 PM,8.611126,937.6602,Normal,0
01/01/2016 01:06:21 PM,8.611126,943.7084,Normal,0
01/01/2016 01:08:01 PM,8.613689,948.3146,Normal,0
01/01/2016 01:09:41 PM,8.610485,954.7231,Normal,0
01/01/2016 01:11:21 PM,8.611126,959.9302,Normal,0
01/01/2016 01:13:01 PM,8.613049,965.0571,Normal,0
01/01/2016 01:14:41 PM,8.635159,969.8635,Normal,0
01/01/2016 01:16:21 PM,8.639965,973.4283,Normal,0
01/01/2016 01:18:01 PM,8.639645,979.7969,Normal,0
01/01/2016 01:19:41 PM,8.639645,984.8837,Normal,0
01/01/2016 01:21:21 PM,8.643168,989.4098,Normal,0
01/01/2016 01:23:01 PM,8.642848,994.8171,Normal,0
01/01/2016 01:24:41 PM,8.696039,990.4111,Normal,0
01/01/2016 01:26:21 PM,8.698603,950.4775,Normal,0
01/01/2016 01:28:01 PM,8.697001,947.5135,Normal,0
01/01/2016 01:29:41 PM,8.697962,906.0577,Normal,0
01/01/2016 01:31:21 PM,8.697641,860.9171,Normal,0
01/01/2016 01:33:01 PM,8.697641,816.938,Normal,0
01/01/2016 01:34:41 PM,8.617535,787.178,Normal,0
01/01/2016 01:36:21 PM,8.6217,793.907,Normal,0
01/01/2016 01:38:01 PM,8.6217,801.6775,Normal,0
01/01/2016 01:39:41 PM,8.6217,805.1622,Normal,0
01/01/2016 01:41:21 PM,8.625546,812.3718,Normal,0
01/01/2016 01:43:01 PM,8.618496,852.1453,Normal,0
01/01/2016 01:44:41 PM,8.617214,903.254,Normal,0
01/01/2016 01:46:21 PM,8.617214,949.356,Normal,0
01/01/2016 01:48:01 PM,8.613689,999.0627,Normal,0
01/01/2016 01:49:41 PM,8.70373,1009.677,Normal,0
01/01/2016 01:51:21 PM,8.699564,1010.238,Normal,0
01/01/2016 01:53:01 PM,8.700205,984.0426,Normal,0
01/01/2016 01:54:41 PM,8.697321,940.0635,Normal,0
01/01/2016 01:56:21 PM,8.697962,898.1271,Normal,0
01/01/2016 01:58:01 PM,8.700846,852.626,Normal,0
01/01/2016 01:59:41 PM,8.697321,808.9673,Normal,0
01/01/2016 02:01:21 PM,8.615612,791.664,Normal,0
01/01/2016 02:03:01 PM,8.633877,797.3517,Normal,0
01/01/2016 02:04:41 PM,8.632275,804.6014,Normal,0
01/01/2016 02:06:21 PM,8.635479,810.6495,Normal,0
01/01/2016 02:08:01 PM,8.633877,816.7377,Normal,0
01/01/2016 02:09:41 PM,8.629711,821.5842,Normal,0
01/01/2016 02:11:21 PM,8.628429,826.3907,Normal,0
01/01/2016 02:13:01 PM,8.612728,830.2759,Normal,0
01/01/2016 02:14:41 PM,8.603436,837.6458,Normal,0
01/01/2016 02:16:21 PM,8.604076,843.694,Normal,0
01/01/2016 02:18:01 PM,8.59927,847.4189,Normal,0
01/01/2016 02:19:41 PM,8.604076,856.0305,Normal,0
01/01/2016 02:21:21 PM,8.605999,859.7155,Attack,1
01/01/2016 02:23:01 PM,8.601192,884.3886,Attack,1
01/01/2016 02:24:41 PM,8.601192,912.4664,Attack,1
01/01/2016 02:26:21 PM,8.60664,917.6734,Attack,1
01/01/2016 02:28:01 PM,8.600872,922.8403,Attack,1
01/01/2016 02:29:41 PM,8.590618,928.4479,Normal,0
01/01/2016 02:31:21 PM,8.595425,933.8952,Normal,0
01/01/2016 02:33:01 PM,8.593182,938.3812,Normal,0
01/01/2016 02:34:41 PM,8.589977,942.2664,Normal,0
01/01/2016 02:36:21 PM,8.589977,948.0742,Normal,0
01/01/2016 02:38:01 PM,8.582607,954.0022,Normal,0
01/01/2016 02:39:41 PM,8.58485,956.9662,Normal,0
01/01/2016 02:41:21 PM,8.590298,964.3361,Normal,0
01/01/2016 02:43:01 PM,8.594463,968.1412,Normal,0
01/01/2016 02:44:41 PM,8.610485,971.3455,Normal,0
01/01/2016 02:46:21 PM,8.610806,979.3963,Normal,0
01/01/2016 02:48:01 PM,8.610485,983.3616,Normal,0
01/01/2016 02:49:41 PM,8.613689,988.5687,Normal,0
01/01/2016 02:51:21 PM,8.613689,994.0961,Normal,0
01/01/2016 02:53:01 PM,8.624905,998.9025,Normal,0
01/01/2016 02:54:41 PM,8.670405,967.6606,Normal,0
01/01/2016 02:56:21 PM,8.671687,958.7686,Normal,0
01/01/2016 02:58:01 PM,8.668803,914.5091,Normal,0
01/01/2016 02:59:41 PM,8.672969,872.6128,Normal,0
01/01/2016 03:01:21 PM,8.67393,828.1931,Normal,0
01/01/2016 03:03:01 PM,8.593822,790.142,Normal,0
01/01/2016 03:04:41 PM,8.604076,796.3503,Normal,0
01/01/2016 03:06:21 PM,8.603115,804.1608,Normal,0
01/01/2016 03:08:01 PM,8.600231,808.006,Normal,0
01/01/2016 03:09:41 PM,8.600872,814.9753,Normal,0
01/01/2016 03:11:21 PM,8.605038,859.5552,Normal,0
01/01/2016 03:13:01 PM,8.610806,910.5839,Normal,0
01/01/2016 03:14:41 PM,8.617855,957.1264,Normal,0
01/01/2016 03:16:21 PM,8.620739,1004.27,Normal,0
01/01/2016 03:18:01 PM,8.705973,1012.08,Normal,0
01/01/2016 03:19:41 PM,8.707254,1012.281,Normal,0
01/01/2016 03:21:21 PM,8.702768,981.0385,Normal,0
01/01/2016 03:23:01 PM,8.713022,937.8605,Normal,0
01/01/2016 03:24:41 PM,8.713663,895.4034,Normal,0
01/01/2016 03:26:21 PM,8.700846,851.5445,Normal,0
01/01/2016 03:28:01 PM,8.697962,806.2837,Normal,0
01/01/2016 03:29:41 PM,8.622662,793.7869,Normal,0
01/01/2016 03:31:21 PM,8.648295,800.1555,Normal,0
01/01/2016 03:33:01 PM,8.64445,803.7202,Normal,0
01/01/2016 03:34:41 PM,8.644771,811.5307,Normal,0
01/01/2016 03:36:21 PM,8.64445,817.6589,Normal,0
01/01/2016 03:38:01 PM,8.642848,822.0649,Normal,0
01/01/2016 03:39:41 PM,8.64413,827.1918,Normal,0
01/01/2016 03:41:21 PM,8.6217,831.5977,Normal,0
01/01/2016 03:43:01 PM,8.626507,840.0491,Normal,0
01/01/2016 03:44:41 PM,8.626507,843.694,Normal,0
01/01/2016 03:46:21 PM,8.624905,848.5004,Normal,0
01/01/2016 03:48:01 PM,8.620739,853.9077,Normal,0
01/01/2016 03:49:41 PM,8.629711,859.2348,Normal,0
01/01/2016 03:51:21 PM,8.622021,892.3594,Normal,0
01/01/2016 03:53:01 PM,8.619457,912.6266,Normal,0
01/01/2016 03:54:41 PM,8.618496,920.2368,Normal,0
01/01/2016 03:56:21 PM,8.6217,925.6841,Normal,0
01/01/2016 03:58:01 PM,8.625866,931.1715,Normal,0
01/01/2016 03:59:41 PM,8.625546,935.8578,Normal,0
01/01/2016 04:01:21 PM,8.624905,940.2637,Normal,0
01/01/2016 04:03:01 PM,8.624264,944.8699,Normal,0
01/01/2016 04:04:41 PM,8.625546,952.3199,Normal,0
01/01/2016 04:06:21 PM,8.628429,957.9675,Normal,0
01/01/2016 04:08:01 PM,8.62875,959.81,Normal,0
01/01/2016 04:09:41 PM,8.633236,965.6178,Normal,0
01/01/2016 04:11:21 PM,8.626507,970.8649,Normal,0
01/01/2016 04:13:01 PM,8.63612,977.7942,Normal,0
01/01/2016 04:14:41 PM,8.6515,980.7982,Normal,0
01/01/2016 04:16:21 PM,8.652781,985.6447,Normal,0
01/01/2016 04:18:01 PM,8.655345,993.8157,Normal,0
01/01/2016 04:19:41 PM,8.65887,998.502,Normal,0
01/01/2016 04:21:21 PM,8.71142,971.3455,Normal,0
01/01/2016 04:23:01 PM,8.717188,947.7538,Normal,0
01/01/2016 04:24:41 PM,8.708857,927.807,Normal,0
01/01/2016 04:26:21 PM,8.717829,884.3085,Normal,0
01/01/2016 04:28:01 PM,8.708536,839.3281,Normal,0
01/01/2016 04:29:41 PM,8.709177,796.7509,Normal,0
01/01/2016 04:31:21 PM,8.630032,794.5479,Normal,0
01/01/2016 04:33:01 PM,8.63644,798.6735,Normal,0
01/01/2016 04:34:41 PM,8.635479,805.002,Normal,0
01/01/2016 04:36:21 PM,8.637081,810.5694,Normal,0
01/01/2016 04:38:01 PM,8.633556,827.392,Normal,0
01/01/2016 04:39:41 PM,8.628429,876.1776,Normal,0
01/01/2016 04:41:21 PM,8.635479,926.2048,Normal,0
01/01/2016 04:43:01 PM,8.625866,972.0264,Normal,0
01/01/2016 04:44:41 PM,8.705652,1008.836,Normal,0
01/01/2016 04:46:21 PM,8.713022,1010.438,Normal,0
01/01/2016 04:48:01 PM,8.718149,1008.515,Normal,0
01/01/2016 04:49:41 PM,8.709177,964.7767,Normal,0
01/01/2016 04:51:21 PM,8.706934,923.2809,Normal,0
01/01/2016 04:53:01 PM,8.714945,878.5408,Normal,0
01/01/2016 04:54:41 PM,8.701807,835.8033,Normal,0
01/01/2016 04:56:21 PM,8.695719,790.9831,Normal,0
01/01/2016 04:58:01 PM,8.640925,793.106,Normal,0
01/01/2016 04:59:41 PM,8.641246,801.5573,Normal,0
01/01/2016 05:01:21 PM,8.640285,807.8057,Normal,0
01/01/2016 05:03:01 PM,8.639645,811.2504,Normal,0
01/01/2016 05:04:41 PM,8.639645,817.2584,Normal,0
01/01/2016 05:06:21 PM,8.63612,823.627,Normal,0
01/01/2016 05:08:01 PM,8.637081,829.1945,Normal,0
01/01/2016 05:09:41 PM,8.631634,835.2827,Normal,0
01/01/2016 05:11:21 PM,8.60664,839.4482,Normal,0
01/01/2016 05:13:01 PM,8.603436,845.4963,Attack,1
01/01/2016 05:14:41 PM,8.601192,849.9423,Normal,0
01/01/2016 05:16:21 PM,8.603115,856.8716,Normal,0
01/01/2016 05:18:01 PM,8.602474,861.1174,Normal,0
01/01/2016 05:19:41 PM,8.600872,901.051,Attack,1
01/01/2016 05:21:21 PM,8.693796,873.1736,Attack,1
01/01/2016 05:23:01 PM,8.693796,826.5909,Attack,1
01/01/2016 05:24:41 PM,8.689951,782.8922,Attack,1
01/01/2016 05:26:21 PM,8.687708,739.7943,Attack,1
01/01/2016 05:28:01 PM,8.608242,700.902,Normal,0
01/01/2016 05:29:41 PM,8.605999,707.9515,Normal,0
01/01/2016 05:31:21 PM,8.599911,712.2773,Normal,0
01/01/2016 05:33:01 PM,8.605679,718.726,Normal,0
01/01/2016 05:34:41 PM,8.603115,723.7327,Normal,0
01/01/2016 05:36:21 PM,8.611126,729.6206,Normal,0
01/01/2016 05:38:01 PM,8.610485,734.5072,Normal,0
01/01/2016 05:39:41 PM,8.609844,742.7182,Normal,0
01/01/2016 05:41:21 PM,8.611446,747.4045,Normal,0
01/01/2016 05:43:01 PM,8.61433,752.5715,Normal,0
01/01/2016 05:44:41 PM,8.610806,759.1002,Normal,0
01/01/2016 05:46:21 PM,8.61401,766.0696,Normal,0
01/01/2016 05:48:01 PM,8.617535,772.5984,Normal,0
01/01/2016 05:49:41 PM,8.619137,776.8842,Normal,0
01/01/2016 05:51:21 PM,8.624264,810.4092,Normal,0
01/01/2016 05:53:01 PM,8.622021,833.28,Normal,0
01/01/2016 05:54:41 PM,8.630352,839.1278,Normal,0
01/01/2016 05:56:21 PM,8.630352,845.5364,Normal,0
01/01/2016 05:58:01 PM,8.628429,849.2614,Normal,0
01/01/2016 05:59:41 PM,8.625546,855.0692,Normal,0
01/01/2016 06:01:21 PM,8.633877,861.7582,Normal,0
01/01/2016 06:03:01 PM,8.655665,867.0453,Normal,0
01/01/2016 06:04:41 PM,8.660792,870.4099,Normal,0
01/01/2016 06:06:21 PM,8.660151,882.9467,Normal,0
01/01/2016 06:08:01 PM,8.661113,931.4919,Normal,0
01/01/2016 06:09:41 PM,8.660792,980.598,Normal,0
01/01/2016 06:11:21 PM,8.721033,1009.837,Normal,0
01/01/2016 06:13:01 PM,8.716547,1009.877,Normal,0
01/01/2016 06:14:41 PM,8.713663,1010.078,Normal,0
01/01/2016 06:16:21 PM,8.719431,1010.038,Normal,0
01/01/2016 06:18:01 PM,8.716547,970.6646,Normal,0
01/01/2016 06:19:41 PM,8.716547,929.1288,Normal,0
01/01/2016 06:21:21 PM,8.715586,886.0308,Normal,0
01/01/2016 06:23:01 PM,8.715586,840.8101,Normal,0
01/01/2016 06:24:41 PM,8.717829,795.8697,Normal,0
01/01/2016 06:26:21 PM,8.653743,792.9457,Normal,0
01/01/2016 06:28:01 PM,8.657908,800.3958,Normal,0
01/01/2016 06:29:41 PM,8.649898,806.7643,Normal,0
01/01/2016 06:31:21 PM,8.651179,812.4119,Normal,0
01/01/2016 06:33:01 PM,8.635479,818.46,Normal,0
01/01/2016 06:34:41 PM,8.635479,823.9875,Normal,0
01/01/2016 06:36:21 PM,8.623302,828.6738,Normal,0
01/01/2016 06:38:01 PM,8.625546,834.6418,Normal,0
01/01/2016 06:39:41 PM,8.619137,840.4496,Normal,0
01/01/2016 06:41:21 PM,8.6217,843.694,Normal,0
01/01/2016 06:43:01 PM,8.620098,849.7421,Normal,0
01/01/2016 06:44:41 PM,8.627148,856.351,Normal,0
01/01/2016 06:46:21 PM,8.620098,861.558,Normal,0
01/01/2016 06:48:01 PM,8.630032,884.1483,Normal,0
01/01/2016 06:49:41 PM,8.6217,915.4304,Normal,0
01/01/2016 06:51:21 PM,8.622662,919.636,Normal,0
01/01/2016 06:53:01 PM,8.625866,926.0847,Normal,0
01/01/2016 06:54:41 PM,8.621059,929.0086,Normal,0
01/01/2016 06:56:21 PM,8.617214,933.8952,Normal,0
01/01/2016 06:58:01 PM,8.625546,940.9847,Normal,0
01/01/2016 06:59:41 PM,8.624905,945.4708,Normal,0
01/01/2016 07:01:21 PM,8.620419,951.4788,Normal,0
01/01/2016 07:03:01 PM,8.625225,956.7659,Normal,0
01/01/2016 07:04:41 PM,8.623623,961.8127,Normal,0
01/01/2016 07:06:21 PM,8.624264,966.8595,Normal,0
01/01/2016 07:08:01 PM,8.645732,972.2667,Normal,0
01/01/2016 07:09:41 PM,8.650859,978.7955,Normal,0
01/01/2016 07:11:21 PM,8.650859,982.6807,Normal,0
01/01/2016 07:13:01 PM,8.648295,986.8464,Normal,0
01/01/2016 07:14:41 PM,8.651179,993.3351,Normal,0
01/01/2016 07:16:21 PM,8.653743,997.6609,Normal,0
01/01/2016 07:18:01 PM,8.715586,983.7622,Normal,0
01/01/2016 07:19:41 PM,8.71174,951.8793,Normal,0
01/01/2016 07:21:21 PM,8.709177,942.1062,Normal,0
01/01/2016 07:23:01 PM,8.708216,898.4475,Normal,0
01/01/2016 07:24:41 PM,8.705652,854.7087,Normal,0
01/01/2016 07:26:21 PM,8.710459,809.8484,Normal,0
01/01/2016 07:28:01 PM,8.624905,790.903,Normal,0
01/01/2016 07:29:41 PM,8.625866,796.9911,Normal,0
01/01/2016 07:31:21 PM,8.630352,804.3611,Normal,0
01/01/2016 07:33:01 PM,8.62875,809.4078,Normal,0
01/01/2016 07:34:41 PM,8.627468,831.6378,Normal,0
01/01/2016 07:36:21 PM,8.624905,880.7037,Normal,0
01/01/2016 07:38:01 PM,8.625546,929.1288,Normal,0
01/01/2016 07:39:41 PM,8.625225,976.0318,Normal,0
01/01/2016 07:41:21 PM,8.717829,1008.756,Normal,0
01/01/2016 07:43:01 PM,8.713984,1010.038,Normal,0
01/01/2016 07:44:41 PM,8.717829,1002.868,Normal,0
01/01/2016 07:46:21 PM,8.714624,960.2106,Normal,0
01/01/2016 07:48:01 PM,8.719751,916.3115,Normal,0
01/01/2016 07:49:41 PM,8.713022,873.3738,Normal,0
01/01/2016 07:51:21 PM,8.713663,828.3934,Normal,0
01/01/2016 07:53:01 PM,8.624905,790.3422,Normal,0
01/01/2016 07:54:41 PM,8.622021,796.7108,Normal,0
01/01/2016 07:56:21 PM,8.646693,799.7949,Normal,0
01/01/2016 07:58:01 PM,8.643489,806.7643,Normal,0
01/01/2016 07:59:41 PM,8.64445,813.934,Normal,0
01/01/2016 08:01:21 PM,8.64413,818.9407,Normal,0
01/01/2016 08:03:01 PM,8.640285,823.0262,Normal,0
01/01/2016 08:04:41 PM,8.639965,829.4348,Normal,0
01/01/2016 08:06:21 PM,8.613689,835.6431,Normal,0
01/01/2016 08:08:01 PM,8.617535,840.2093,Normal,0
01/01/2016 08:09:41 PM,8.612728,845.4963,Normal,0
01/01/2016 08:11:21 PM,8.609524,852.3055,Normal,0
01/01/2016 08:13:01 PM,8.60664,857.7128,Normal,0
01/01/2016 08:14:41 PM,8.607281,871.4913,Normal,0
01/01/2016 08:16:21 PM,8.612408,911.425,Normal,0
01/01/2016 08:18:01 PM,8.613049,916.5919,Normal,0
01/01/2016 08:19:41 PM,8.600872,922.3196,Normal,0
01/01/2016 08:21:21 PM,8.607922,925.2035,Normal,0
01/01/2016 08:23:01 PM,8.603436,932.3731,Normal,0
01/01/2016 08:24:41 PM,8.61401,938.3812,Normal,0
01/01/2016 08:26:21 PM,8.609524,942.5068,Normal,0
01/01/2016 08:28:01 PM,8.607601,947.7939,Normal,0
01/01/2016 08:29:41 PM,8.610806,952.1197,Normal,0
01/01/2016 08:31:21 PM,8.605999,955.4041,Normal,0
01/01/2016 08:33:01 PM,8.615612,963.3748,Normal,0
01/01/2016 08:34:41 PM,8.613049,968.5417,Normal,0
01/01/2016 08:36:21 PM,8.618496,971.666,Normal,0
01/01/2016 08:38:01 PM,8.634838,979.6367,Normal,0
01/01/2016 08:39:41 PM,8.640925,982.6006,Normal,0
01/01/2016 08:41:21 PM,8.642528,987.9678,Normal,0
01/01/2016 08:43:01 PM,8.642528,994.4565,Normal,0
01/01/2016 08:44:41 PM,8.693796,994.8571,Normal,0
01/01/2016 08:46:21 PM,8.701807,954.603,Normal,0
01/01/2016 08:48:01 PM,8.696039,949.7164,Normal,0
01/01/2016 08:49:41 PM,8.694437,908.9016,Normal,0
01/01/2016 08:51:21 PM,8.697641,865.2429,Normal,0
01/01/2016 08:53:01 PM,8.694437,821.5442,Normal,0
01/01/2016 08:54:41 PM,8.618496,788.2995,Normal,0
01/01/2016 08:56:21 PM,8.624905,795.9898,Normal,0
01/01/2016 08:58:01 PM,8.616253,800.5159,Normal,0
01/01/2016 08:59:41 PM,8.616253,809.528,Normal,0
01/01/2016 09:01:21 PM,8.615292,812.4119,Normal,0
01/01/2016 09:03:01 PM,8.621059,843.4136,Normal,0
01/01/2016 09:04:41 PM,8.638683,895.4034,Normal,0
01/01/2016 09:06:21 PM,8.613049,940.1837,Normal,0
01/01/2016 09:08:01 PM,8.610485,988.0079,Normal,0
01/01/2016 09:09:41 PM,8.70437,1011.88,Normal,0
01/01/2016 09:11:21 PM,8.702127,1011.72,Normal,0
01/01/2016 09:13:01 PM,8.69636,996.6595,Normal,0
01/01/2016 09:14:41 PM,8.695719,952.9208,Normal,0
01/01/2016 09:16:21 PM,8.696039,910.0231,Normal,0
01/01/2016 09:18:01 PM,8.70405,865.9639,Normal,0
01/01/2016 09:19:41 PM,8.692835,821.5842,Normal,0
01/01/2016 09:21:21 PM,8.613049,788.0992,Normal,0
01/01/2016 09:23:01 PM,8.634518,795.7095,Normal,0
01/01/2016 09:24:41 PM,8.633236,801.1968,Normal,0
01/01/2016 09:26:21 PM,8.632915,806.6041,Normal,0
01/01/2016 09:28:01 PM,8.631634,813.4133,Normal,0
01/01/2016 09:29:41 PM,8.632915,818.5402,Normal,0
01/01/2016 09:31:21 PM,8.626507,822.0248,Normal,0
01/01/2016 09:33:01 PM,8.62875,831.2773,Normal,0
01/01/2016 09:34:41 PM,8.605999,834.6418,Normal,0
01/01/2016 09:36:21 PM,8.600872,838.2466,Normal,0
01/01/2016 09:38:01 PM,8.598629,844.8555,Normal,0
01/01/2016 09:39:41 PM,8.59927,849.702,Normal,0
01/01/2016 09:41:21 PM,8.598309,856.8716,Normal,0
01/01/2016 09:43:01 PM,8.598309,878.9413,Normal,0
01/01/2016 09:44:41 PM,8.598309,909.6226,Normal,0
01/01/2016 09:46:21 PM,8.595425,914.9097,Normal,0
01/01/2016 09:48:01 PM,8.596706,920.5973,Normal,0
01/01/2016 09:49:41 PM,8.599911,925.8444,Normal,0
01/01/2016 09:51:21 PM,8.596706,930.5306,Normal,0
01/01/2016 09:53:01 PM,8.598309,935.0968,Normal,0
01/01/2016 09:54:41 PM,8.596706,940.5842,Normal,0
01/01/2016 09:56:21 PM,8.604076,946.5121,Normal,0
01/01/2016 09:58:01 PM,8.603115,952.1998,Normal,0
01/01/2016 09:59:41 PM,8.602474,955.2038,Normal,0
01/01/2016 10:01:21 PM,8.603436,961.0517,Normal,0
01/01/2016 10:03:01 PM,8.602795,967.6205,Normal,0
01/01/2016 10:04:41 PM,8.605679,973.2681,Normal,0
01/01/2016 10:06:21 PM,8.605679,976.9931,Normal,0
01/01/2016 10:08:01 PM,8.60664,980.678,Normal,0
01/01/2016 10:09:41 PM,8.606319,987.9678,Normal,0
01/01/2016 10:11:21 PM,8.629711,994.1362,Normal,0
01/01/2016 10:13:01 PM,8.631634,997.8611,Normal,0
01/01/2016 10:14:41 PM,8.696039,987.6074,Normal,0
01/01/2016 10:16:21 PM,8.689951,977.7942,Attack,1
01/01/2016 10:18:01 PM,8.693155,936.0981,Attack,1
01/01/2016 10:19:41 PM,8.689951,892.7198,Attack,1
01/01/2016 10:21:21 PM,8.687708,849.1012,Attack,1
01/01/2016 10:23:01 PM,8.686426,804.8017,Attack,1
01/01/2016 10:24:41 PM,8.687708,760.1016,Attack,1
01/01/2016 10:26:21 PM,8.619137,728.2988,Normal,0
01/01/2016 10:28:01 PM,8.642528,735.9892,Normal,0
01/01/2016 10:29:41 PM,8.643168,737.2308,Normal,0
01/01/2016 10:31:21 PM,8.639324,762.7051,Normal,0
01/01/2016 10:33:01 PM,8.638363,812.532,Normal,0
01/01/2016 10:34:41 PM,8.637081,861.0773,Normal,0
01/01/2016 10:36:21 PM,8.63644,909.5825,Normal,0
01/01/2016 10:38:01 PM,8.635159,957.6071,Normal,0
01/01/2016 10:39:41 PM,8.635159,1005.632,Normal,0
01/01/2016 10:41:21 PM,8.693155,1004.35,Normal,0
01/01/2016 10:43:01 PM,8.692514,962.5737,Normal,0
01/01/2016 10:44:41 PM,8.690592,920.2368,Normal,0
01/01/2016 10:46:21 PM,8.687387,877.0187,Normal,0
01/01/2016 10:48:01 PM,8.686426,832.2385,Normal,0
01/01/2016 10:49:41 PM,8.641246,788.9804,Normal,0
01/01/2016 10:51:21 PM,8.613049,793.146,Normal,0
01/01/2016 10:53:01 PM,8.615612,799.5947,Normal,0
01/01/2016 10:54:41 PM,8.615932,805.1221,Normal,0
01/01/2016 10:56:21 PM,8.617535,812.452,Normal,0
01/01/2016 10:58:01 PM,8.617855,816.1769,Normal,0
01/01/2016 10:59:41 PM,8.620419,825.1891,Normal,0
01/01/2016 11:01:21 PM,8.620098,830.9969,Normal,0
01/01/2016 11:03:01 PM,8.622662,833.6805,Normal,0
01/01/2016 11:04:41 PM,8.619137,840.8902,Normal,0
01/01/2016 11:06:21 PM,8.620419,845.0558,Normal,0
01/01/2016 11:08:01 PM,8.620419,850.423,Normal,0
01/01/2016 11:09:41 PM,8.623623,858.0332,Normal,0
01/01/2016 11:11:21 PM,8.624905,862.8397,Normal,0
01/01/2016 11:13:01 PM,8.624905,907.8201,Normal,0
01/01/2016 11:14:41 PM,8.624264,916.3917,Normal,0
01/01/2016 11:16:21 PM,8.624264,922.1193,Normal,0
01/01/2016 11:18:01 PM,8.622662,927.3264,Normal,0
01/01/2016 11:19:41 PM,8.623623,930.3704,Normal,0
01/01/2016 11:21:21 PM,8.622021,937.46,Normal,0
01/01/2016 11:23:01 PM,8.612408,941.5855,Normal,0
01/01/2016 11:24:41 PM,8.616894,947.7538,Normal,0
01/01/2016 11:26:21 PM,8.612728,954.4828,Normal,0
01/01/2016 11:28:01 PM,8.608883,957.3667,Normal,0
01/01/2016 11:29:41 PM,8.607601,961.4122,Normal,0
01/01/2016 11:31:21 PM,8.613689,968.0611,Normal,0
01/01/2016 11:33:01 PM,8.633236,974.0291,Normal,0
01/01/2016 11:34:41 PM,8.638042,978.8756,Normal,0
01/01/2016 11:36:21 PM,8.638363,983.602,Normal,0
01/01/2016 11:38:01 PM,8.638363,987.8477,Normal,0
01/01/2016 11:39:41 PM,8.638363,992.6141,Normal,0
01/01/2016 11:41:21 PM,8.639645,999.8638,Normal,0
01/01/2016 11:43:01 PM,8.701166,966.3788,Normal,0
01/01/2016 11:44:41 PM,8.697641,957.3267,Normal,0
01/01/2016 11:46:21 PM,8.700525,921.839,Normal,0
01/01/2016 11:48:01 PM,8.697321,881.2244,Normal,0
01/01/2016 11:49:41 PM,8.697001,836.6845,Normal,0
01/01/2016 11:51:21 PM,8.687387,792.4651,Normal,0
01/01/2016 11:53:01 PM,8.613049,795.3089,Normal,0
01/01/2016 11:54:41 PM,8.615932,800.3557,Normal,0
01/01/2016 11:56:21 PM,8.612087,807.2049,Normal,0
01/01/2016 11:58:01 PM,8.617535,812.1315,Normal,0
01/01/2016 11:59:41 PM,8.611446,841.0103,Normal,0
02/01/2016 12:01:21 AM,8.617214,890.9975,Normal,0
02/01/2016 12:03:01 AM,8.605999,936.5388,Normal,0
02/01/2016 12:04:41 AM,8.618496,984.2028,Normal,0
02/01/2016 12:06:21 AM,8.701166,1009.837,Normal,0
02/01/2016 12:08:01 AM,8.695398,1009.717,Normal,0
02/01/2016 12:09:41 AM,8.698923,1000.625,Normal,0
02/01/2016 12:11:21 AM,8.697641,957.567,Normal,0
02/01/2016 12:13:01 AM,8.695398,914.5892,Normal,0
02/01/2016 12:14:41 AM,8.696039,869.8892,Normal,0
02/01/2016 12:16:21 AM,8.699244,824.9487,Normal,0
02/01/2016 12:18:01 AM,8.605038,788.9804,Normal,0
02/01/2016 12:19:41 AM,8.634838,796.0699,Normal,0
02/01/2016 12:21:21 AM,8.634838,800.6761,Normal,0
02/01/2016 12:23:01 AM,8.630672,805.5627,Normal,0
02/01/2016 12:24:41 AM,8.634518,814.6549,Normal,0
02/01/2016 12:26:21 AM,8.631634,818.3398,Normal,0
02/01/2016 12:28:01 AM,8.629711,822.6657,Normal,0
02/01/2016 12:29:41 AM,8.627468,828.7939,Normal,0
02/01/2016 12:31:21 AM,8.627148,835.6832,Normal,0
02/01/2016 12:33:01 AM,8.601833,840.009,Normal,0
02/01/2016 12:34:41 AM,8.603436,844.3348,Normal,0
02/01/2016 12:36:21 AM,8.601192,850.6633,Normal,0
02/01/2016 12:38:01 AM,8.594784,858.9545,Normal,0
02/01/2016 12:39:41 AM,8.598629,870.1696,Normal,0
02/01/2016 12:41:21 AM,8.601833,910.9844,Normal,0
02/01/2016 12:43:01 AM,8.596386,916.2314,Normal,0
02/01/2016 12:44:41 AM,8.594784,921.2382,Normal,0
02/01/2016 12:46:21 AM,8.604397,925.4037,Normal,0
02/01/2016 12:48:01 AM,8.594784,930.05,Normal,0
02/01/2016 12:49:41 AM,8.602795,936.2584,Normal,0
02/01/2016 12:51:21 AM,8.59959,939.8632,Normal,0
02/01/2016 12:53:01 AM,8.601833,945.8713,Normal,0
02/01/2016 12:54:41 AM,8.601833,951.7993,Normal,0
02/01/2016 12:56:21 AM,8.609524,957.2866,Normal,0
02/01/2016 12:58:01 AM,8.605999,961.6124,Normal,0
02/01/2016 12:59:41 AM,8.605679,967.1398,Normal,0
02/01/2016 01:01:21 AM,8.612728,971.7861,Normal,0
02/01/2016 01:03:01 AM,8.60664,976.4724,Normal,0
02/01/2016 01:04:41 AM,8.607601,980.4377,Normal,0
02/01/2016 01:06:21 AM,8.613689,988.0079,Normal,0
02/01/2016 01:08:01 AM,8.607281,992.7343,Normal,0
02/01/2016 01:09:41 AM,8.637722,996.8198,Normal,0
02/01/2016 01:11:21 AM,8.69636,979.5565,Normal,0
02/01/2016 01:13:01 AM,8.692835,976.192,Normal,0
02/01/2016 01:14:41 AM,8.692514,935.7377,Normal,0
02/01/2016 01:16:21 AM,8.693796,891.9988,Normal,0
02/01/2016 01:18:01 AM,8.693155,849.0211,Normal,0
02/01/2016 01:19:41 AM,8.690912,803.6,Normal,0
02/01/2016 01:21:21 AM,8.638363,794.3076,Normal,0
02/01/2016 01:23:01 AM,8.639965,798.1928,Normal,0
02/01/2016 01:24:41 AM,8.639965,805.6027,Normal,0
02/01/2016 01:26:21 AM,8.638363,812.2517,Normal,0
02/01/2016 01:28:01 AM,8.637722,836.0036,Normal,0
02/01/2016 01:29:41 AM,8.63644,885.3099,Normal,0
02/01/2016 01:31:21 AM,8.633877,934.1355,Normal,0
02/01/2016 01:33:01 AM,8.63644,979.8369,Normal,0
02/01/2016 01:34:41 AM,8.692514,1012.761,Normal,0
02/01/2016 01:36:21 AM,8.692835,1013.442,Normal,0
02/01/2016 01:38:01 AM,8.692835,1002.467,Normal,0
02/01/2016 01:39:41 AM,8.692194,958.368,Normal,0
02/01/2016 01:41:21 AM,8.688028,916.9124,Normal,0
02/01/2016 01:43:01 AM,8.68899,873.8145,Normal,0
02/01/2016 01:44:41 AM,8.688349,829.0342,Normal,0
02/01/2016 01:46:21 AM,8.623302,788.8602,Normal,0
02/01/2016 01:48:01 AM,8.617535,794.3076,Normal,0
02/01/2016 01:49:41 AM,8.616894,800.556,Normal,0
02/01/2016 01:51:21 AM,8.608883,805.5226,Normal,0
02/01/2016 01:53:01 AM,8.613689,812.452,Normal,0
02/01/2016 01:54:41 AM,8.612087,816.7377,Normal,0
02/01/2016 01:56:21 AM,8.609524,822.1851,Normal,0
02/01/2016 01:58:01 AM,8.609203,828.2332,Normal,0
02/01/2016 01:59:41 AM,8.609524,832.8794,Normal,0
02/01/2016 02:01:21 AM,8.609203,838.6472,Normal,0
02/01/2016 02:03:01 AM,8.607601,844.0544,Normal,0
02/01/2016 02:04:41 AM,8.610485,850.6633,Normal,0
02/01/2016 02:06:21 AM,8.612408,855.0692,Normal,0
02/01/2016 02:08:01 AM,8.607601,861.0773,Normal,0
02/01/2016 02:09:41 AM,8.607922,898.7679,Normal,0
02/01/2016 02:11:21 AM,8.610485,914.429,Normal,0
02/01/2016 02:13:01 AM,8.609844,920.2769,Normal,0
02/01/2016 02:14:41 AM,8.604397,925.6841,Normal,0
02/01/2016 02:16:21 AM,8.607601,929.5293,Normal,0
02/01/2016 02:18:01 AM,8.608242,934.5761,Normal,0
02/01/2016 02:19:41 AM,8.608883,938.9019,Normal,0
02/01/2016 02:21:21 AM,8.610806,946.0715,Normal,0
02/01/2016 02:23:01 AM,8.608883,950.9982,Normal,0
02/01/2016 02:24:41 AM,8.612408,955.9648,Normal,0
02/01/2016 02:26:21 AM,8.635479,960.0904,Normal,0
02/01/2016 02:28:01 AM,8.638042,966.7393,Normal,0
02/01/2016 02:29:41 AM,8.640925,971.2253,Normal,0
02/01/2016 02:31:21 AM,8.641246,977.2735,Normal,0
02/01/2016 02:33:01 AM,8.639324,980.7982,Normal,0
02/01/2016 02:34:41 AM,8.64413,986.7662,Normal,0
02/01/2016 02:36:21 AM,8.64445,993.0146,Normal,0
02/01/2016 02:38:01 AM,8.645732,997.2603,Normal,0
02/01/2016 02:39:41 AM,8.701807,985.6447,Normal,0
02/01/2016 02:41:21 AM,8.700205,968.9824,Normal,0
02/01/2016 02:43:01 AM,8.697962,942.8672,Normal,0
02/01/2016 02:44:41 AM,8.698923,900.4503,Normal,0
02/01/2016 02:46:21 AM,8.694117,856.3109,Normal,0
02/01/2016 02:48:01 AM,8.700846,810.5294,Normal,0
02/01/2016 02:49:41 AM,8.619457,790.182,Normal,0
02/01/2016 02:51:21 AM,8.627468,800.3557,Normal,0
02/01/2016 02:53:01 AM,8.620739,800.7162,Normal,0
02/01/2016 02:54:41 AM,8.620098,808.5667,Normal,0
02/01/2016 02:56:21 AM,8.620098,848.941,Normal,0
02/01/2016 02:58:01 AM,8.615932,898.9683,Normal,0
02/01/2016 02:59:41 AM,8.620739,947.1129,Normal,0
02/01/2016 03:01:21 AM,8.613689,993.1348,Normal,0
02/01/2016 03:03:01 AM,8.708536,1012.961,Normal,0
02/01/2016 03:04:41 AM,8.700205,1013.242,Normal,0
02/01/2016 03:06:21 AM,8.70373,989.1695,Normal,0
02/01/2016 03:08:01 AM,8.705973,945.5108,Normal,0
02/01/2016 03:09:41 AM,8.703409,902.8935,Normal,0
02/01/2016 03:11:21 AM,8.703409,858.7542,Normal,0
02/01/2016 03:13:01 AM,8.699244,815.3759,Normal,0
02/01/2016 03:14:41 AM,8.615292,790.6627,Normal,0
02/01/2016 03:16:21 AM,8.613049,795.8697,Normal,0
02/01/2016 03:18:01 AM,8.608883,800.3958,Normal,0
02/01/2016 03:19:41 AM,8.613689,809.3278,Normal,0
02/01/2016 03:21:21 AM,8.617535,814.1743,Normal,0
02/01/2016 03:23:01 AM,8.633877,818.9407,Normal,0
02/01/2016 03:24:41 AM,8.630672,822.0248,Normal,0
02/01/2016 03:26:21 AM,8.630672,831.8781,Normal,0
02/01/2016 03:28:01 AM,8.631313,836.9649,Normal,0
02/01/2016 03:29:41 AM,8.631313,841.1305,Normal,0
02/01/2016 03:31:21 AM,8.631634,847.0985,Normal,0
02/01/2016 03:33:01 AM,8.626827,850.9437,Normal,0
02/01/2016 03:34:41 AM,8.630352,857.873,Normal,0
02/01/2016 03:36:21 AM,8.601513,888.5142,Normal,0
02/01/2016 03:38:01 AM,8.594463,910.8242,Normal,0
02/01/2016 03:39:41 AM,8.604076,915.1901,Normal,0
02/01/2016 03:41:21 AM,8.598629,919.0352,Normal,0
02/01/2016 03:43:01 AM,8.599911,927.6868,Normal,0
02/01/2016 03:44:41 AM,8.603436,932.8939,Normal,0
02/01/2016 03:46:21 AM,8.600231,938.942,Normal,0
02/01/2016 03:48:01 AM,8.606319,943.1476,Normal,0
02/01/2016 03:49:41 AM,8.609203,947.4734,Normal,0
02/01/2016 03:51:21 AM,8.60664,952.6003,Normal,0
02/01/2016 03:53:01 AM,8.60664,957.6871,Normal,0
02/01/2016 03:54:41 AM,8.608242,964.0157,Normal,0
02/01/2016 03:56:21 AM,8.605679,968.5818,Normal,0
02/01/2016 03:58:01 AM,8.608883,971.5858,Normal,0
02/01/2016 03:59:41 AM,8.608242,979.8369,Normal,0
02/01/2016 04:01:21 AM,8.611446,984.8036,Normal,0
02/01/2016 04:03:01 AM,8.61401,989.57,Normal,0
02/01/2016 04:04:41 AM,8.607922,995.7383,Normal,0
02/01/2016 04:06:21 AM,8.620739,1000.304,Normal,0
02/01/2016 04:08:01 AM,8.705332,984.2028,Normal,0
02/01/2016 04:09:41 AM,8.701166,966.4189,Normal,0
02/01/2016 04:11:21 AM,8.698923,924.803,Normal,0
02/01/2016 04:13:01 AM,8.696039,879.9427,Normal,0
02/01/2016 04:14:41 AM,8.69636,837.1652,Normal,0
02/01/2016 04:16:21 AM,8.694757,792.9057,Normal,0
02/01/2016 04:18:01 AM,8.619137,794.3476,Normal,0
02/01/2016 04:19:41 AM,8.638363,799.3544,Normal,0
02/01/2016 04:21:21 AM,8.639645,805.4025,Normal,0
02/01/2016 04:23:01 AM,8.641887,811.731,Normal,0
02/01/2016 04:24:41 AM,8.640285,835.8434,Normal,0
02/01/2016 04:26:21 AM,8.634518,886.7919,Normal,0
02/01/2016 04:28:01 AM,8.634518,933.3344,Normal,0
02/01/2016 04:29:41 AM,8.633877,981.7595,Normal,0
02/01/2016 04:31:21 AM,8.687387,1013.362,Normal,0
02/01/2016 04:33:01 AM,8.692514,1013.242,Normal,0
02/01/2016 04:34:41 AM,8.686106,1005.952,Normal,0
02/01/2016 04:36:21 AM,8.694437,963.535,Normal,0
02/01/2016 04:38:01 AM,8.686747,921.0779,Normal,0
02/01/2016 04:39:41 AM,8.690592,877.179,Normal,0
02/01/2016 04:41:21 AM,8.687387,833.6404,Normal,0
02/01/2016 04:43:01 AM,8.658549,790.9831,Normal,0
02/01/2016 04:44:41 AM,8.612087,794.1874,Normal,0
02/01/2016 04:46:21 AM,8.608242,801.4772,Normal,0
02/01/2016 04:48:01 AM,8.605999,805.7629,Normal,0
02/01/2016 04:49:41 AM,8.602795,811.5707,Normal,0
02/01/2016 04:51:21 AM,8.605038,818.8606,Normal,0
02/01/2016 04:53:01 AM,8.598309,823.5469,Normal,0
02/01/2016 04:54:41 AM,8.597988,826.8713,Normal,0
02/01/2016 04:56:21 AM,8.608883,833.1598,Normal,0
02/01/2016 04:58:01 AM,8.600231,837.806,Normal,0
02/01/2016 04:59:41 AM,8.60664,846.9383,Normal,0
02/01/2016 05:01:21 AM,8.598629,851.6246,Normal,0
02/01/2016 05:03:01 AM,8.59927,856.9117,Normal,0
02/01/2016 05:04:41 AM,8.597027,869.769,Normal,0
02/01/2016 05:06:21 AM,8.601513,910.4637,Normal,0
02/01/2016 05:08:01 AM,8.605679,914.2688,Normal,0
02/01/2016 05:09:41 AM,8.598629,921.0779,Normal,0
02/01/2016 05:11:21 AM,8.601192,926.325,Normal,0
02/01/2016 05:13:01 AM,8.593502,931.5721,Normal,0
02/01/2016 05:14:41 AM,8.598309,935.9379,Normal,0
02/01/2016 05:16:21 AM,8.600231,939.9033,Normal,0
02/01/2016 05:18:01 AM,8.619137,945.9514,Normal,0
02/01/2016 05:19:41 AM,8.624905,950.918,Normal,0
02/01/2016 05:21:21 AM,8.630352,957.4869,Normal,0
02/01/2016 05:23:01 AM,8.623623,964.3361,Normal,0
02/01/2016 05:24:41 AM,8.625546,965.738,Normal,0
02/01/2016 05:26:21 AM,8.627148,969.9837,Normal,0
02/01/2016 05:28:01 AM,8.627148,977.4337,Normal,0
02/01/2016 05:29:41 AM,8.631313,982.2402,Normal,0
02/01/2016 05:31:21 AM,8.631954,989.57,Normal,0
02/01/2016 05:33:01 AM,8.632275,993.1348,Normal,0
02/01/2016 05:34:41 AM,8.630032,998.9025,Normal,0
02/01/2016 05:36:21 AM,8.694117,972.7474,Normal,0
02/01/2016 05:38:01 AM,8.68931,968.8221,Normal,0
02/01/2016 05:39:41 AM,8.689631,927.6068,Normal,0
02/01/2016 05:41:21 AM,8.690592,886.3513,Normal,0
02/01/2016 05:43:01 AM,8.68931,840.8902,Normal,0
02/01/2016 05:44:41 AM,8.684824,797.5119,Normal,0
02/01/2016 05:46:21 AM,8.614651,795.4691,Normal,0
02/01/2016 05:48:01 AM,8.612728,800.1154,Normal,0
02/01/2016 05:49:41 AM,8.609203,803.7202,Normal,0
02/01/2016 05:51:21 AM,8.605038,811.3705,Normal,0
02/01/2016 05:53:01 AM,8.612087,835.7633,Normal,0
02/01/2016 05:54:41 AM,8.605038,885.3099,Normal,0
02/01/2016 05:56:21 AM,8.600231,935.1769,Normal,0
02/01/2016 05:58:01 AM,8.609203,981.5993,Normal,0
02/01/2016 05:59:41 AM,8.694757,1010.438,Normal,0
02/01/2016 06:01:21 AM,8.691233,1010.839,Normal,0
02/01/2016 06:03:01 AM,8.689951,1002.267,Normal,0
02/01/2016 06:04:41 AM,8.687387,959.4095,Normal,0
02/01/2016 06:06:21 AM,8.68931,915.7108,Normal,0
02/01/2016 06:08:01 AM,8.68194,873.4139,Normal,0
02/01/2016 06:09:41 AM,8.688028,829.8353,Normal,0
02/01/2016 06:11:21 AM,8.606319,788.9804,Normal,0
02/01/2016 06:13:01 AM,8.605999,792.9457,Normal,0
02/01/2016 06:14:41 AM,8.601513,800.5159,Normal,0
02/01/2016 06:16:21 AM,8.594784,805.6829,Normal,0
02/01/2016 06:18:01 AM,8.603436,811.2103,Normal,0
02/01/2016 06:19:41 AM,8.593822,818.0194,Normal,0
02/01/2016 06:21:21 AM,8.597668,821.9447,Normal,0
02/01/2016 06:23:01 AM,8.599911,829.2745,Normal,0
02/01/2016 06:24:41 AM,8.597988,832.4388,Normal,0
02/01/2016 06:26:21 AM,8.595425,838.2867,Normal,0
02/01/2016 06:28:01 AM,8.594463,846.3375,Normal,0
02/01/2016 06:29:41 AM,8.612728,850.8235,Normal,0
02/01/2016 06:31:21 AM,8.615932,854.5485,Normal,0
02/01/2016 06:33:01 AM,8.615932,860.6367,Normal,0
02/01/2016 06:34:41 AM,8.617214,897.4462,Normal,0
02/01/2016 06:36:21 AM,8.616253,913.5879,Normal,0
02/01/2016 06:38:01 AM,8.613689,917.9137,Normal,0
02/01/2016 06:39:41 AM,8.596386,925.5239,Normal,0
02/01/2016 06:41:21 AM,8.596066,929.9299,Normal,0
02/01/2016 06:43:01 AM,8.594463,934.9366,Normal,0
02/01/2016 06:44:41 AM,8.593822,937.9807,Normal,0
02/01/2016 06:46:21 AM,8.591579,947.3933,Normal,0
02/01/2016 06:48:01 AM,8.594784,951.1984,Normal,0
02/01/2016 06:49:41 AM,8.593502,956.2051,Normal,0
02/01/2016 06:51:21 AM,8.594784,958.9288,Normal,0
02/01/2016 06:53:01 AM,8.603115,964.3762,Normal,0
02/01/2016 06:54:41 AM,8.595425,970.3442,Normal,0
02/01/2016 06:56:21 AM,8.597668,975.2708,Normal,0
02/01/2016 06:58:01 AM,8.622662,979.3563,Normal,0
02/01/2016 06:59:41 AM,8.625866,985.6047,Normal,0
02/01/2016 07:01:21 AM,8.624905,992.0533,Normal,0
02/01/2016 07:03:01 AM,8.627468,995.3378,Normal,0
02/01/2016 07:04:41 AM,8.68899,985.7649,Normal,0
02/01/2016 07:06:21 AM,8.684504,968.2213,Normal,0
02/01/2016 07:08:01 AM,8.681299,941.6656,Normal,0
02/01/2016 07:09:41 AM,8.678096,899.2486,Normal,0
02/01/2016 07:11:21 AM,8.679378,854.909,Normal,0
02/01/2016 07:13:01 AM,8.684824,812.0514,Normal,0
02/01/2016 07:14:41 AM,8.608883,790.2621,Normal,0
02/01/2016 07:16:21 AM,8.609844,799.1541,Normal,0
02/01/2016 07:18:01 AM,8.610485,804.2009,Normal,0
02/01/2016 07:19:41 AM,8.601192,808.5267,Normal,0
02/01/2016 07:21:21 AM,8.59959,823.1463,Normal,0
02/01/2016 07:23:01 AM,8.601513,872.0921,Normal,0
02/01/2016 07:24:41 AM,8.598629,922.8804,Normal,0
02/01/2016 07:26:21 AM,8.604717,968.6218,Normal,0
02/01/2016 07:28:01 AM,8.678416,1009.477,Normal,0
02/01/2016 07:29:41 AM,8.686747,1009.437,Normal,0
02/01/2016 07:31:21 AM,8.685144,1009.156,Normal,0
02/01/2016 07:33:01 AM,8.68194,968.8622,Normal,0
02/01/2016 07:34:41 AM,8.684183,927.4465,Normal,0
02/01/2016 07:36:21 AM,8.687708,882.6263,Normal,0
02/01/2016 07:38:01 AM,8.688028,837.4055,Normal,0
02/01/2016 07:39:41 AM,8.675212,793.867,Normal,0
02/01/2016 07:41:21 AM,8.624264,795.0686,Normal,0
02/01/2016 07:43:01 AM,8.620419,798.4731,Normal,0
02/01/2016 07:44:41 AM,8.619137,806.2036,Normal,0
02/01/2016 07:46:21 AM,8.624264,810.9299,Normal,0
02/01/2016 07:48:01 AM,8.624264,817.1382,Normal,0
02/01/2016 07:49:41 AM,8.618816,821.5842,Normal,0
02/01/2016 07:51:21 AM,8.620098,828.0329,Normal,0
02/01/2016 07:53:01 AM,8.598309,831.6778,Normal,0
02/01/2016 07:54:41 AM,8.593182,837.766,Normal,0
02/01/2016 07:56:21 AM,8.594463,843.1332,Normal,0
02/01/2016 07:58:01 AM,8.594463,849.8622,Normal,0
02/01/2016 07:59:41 AM,8.595104,854.909,Normal,0
02/01/2016 08:01:21 AM,8.586452,861.3176,Normal,0
02/01/2016 08:03:01 AM,8.594463,905.1766,Normal,0
02/01/2016 08:04:41 AM,8.59927,914.0685,Normal,0
02/01/2016 08:06:21 AM,8.597027,920.1166,Normal,0
02/01/2016 08:08:01 AM,8.5919,923.6815,Normal,0
02/01/2016 08:09:41 AM,8.589016,931.2917,Normal,0
02/01/2016 08:11:21 AM,8.59927,934.8564,Normal,0
02/01/2016 08:13:01 AM,8.597027,939.5828,Normal,0
02/01/2016 08:14:41 AM,8.598629,945.4708,Normal,0
02/01/2016 08:16:21 AM,8.59959,949.9968,Normal,0
02/01/2016 08:18:01 AM,8.596706,954.9635,Normal,0
02/01/2016 08:19:41 AM,8.600231,960.9315,Normal,0
02/01/2016 08:21:21 AM,8.601513,966.3388,Normal,0
02/01/2016 08:23:01 AM,8.601833,972.5471,Normal,0
02/01/2016 08:24:41 AM,8.623943,978.1947,Normal,0
02/01/2016 08:26:21 AM,8.62875,981.2789,Normal,0
02/01/2016 08:28:01 AM,8.626827,986.7662,Normal,0
02/01/2016 08:29:41 AM,8.627148,993.0947,Normal,0
02/01/2016 08:31:21 AM,8.632275,997.9413,Normal,0
02/01/2016 08:33:01 AM,8.692835,979.3963,Normal,0
02/01/2016 08:34:41 AM,8.689951,967.6205,Normal,0
02/01/2016 08:36:21 AM,8.68899,935.978,Normal,0
02/01/2016 08:38:01 AM,8.689951,892.5997,Normal,0
02/01/2016 08:39:41 AM,8.691233,848.0598,Normal,0
02/01/2016 08:41:21 AM,8.678096,804.6815,Normal,0
02/01/2016 08:43:01 AM,8.607922,793.3864,Normal,0
02/01/2016 08:44:41 AM,8.617855,800.7963,Normal,0
02/01/2016 08:46:21 AM,8.609203,805.2022,Normal,0
02/01/2016 08:48:01 AM,8.605679,811.4506,Normal,0
02/01/2016 08:49:41 AM,8.607281,832.0383,Normal,0
02/01/2016 08:51:21 AM,8.60664,882.5461,Normal,0
02/01/2016 08:53:01 AM,8.605679,928.8484,Normal,0
02/01/2016 08:54:41 AM,8.596066,975.3509,Normal,0
02/01/2016 08:56:21 AM,8.691233,1009.837,Normal,0
02/01/2016 08:58:01 AM,8.688028,1011.439,Normal,0
02/01/2016 08:59:41 AM,8.686747,1006.913,Normal,0
02/01/2016 09:01:21 AM,8.688349,966.3388,Normal,0
02/01/2016 09:03:01 AM,8.693155,921.5186,Normal,0
02/01/2016 09:04:41 AM,8.684824,877.5394,Normal,0
02/01/2016 09:06:21 AM,8.686426,833.9609,Normal,0
02/01/2016 09:08:01 AM,8.640925,791.7842,Normal,0
02/01/2016 09:09:41 AM,8.622341,795.5092,Normal,0
02/01/2016 09:11:21 AM,8.624905,802.9191,Normal,0
02/01/2016 09:13:01 AM,8.621059,806.564,Normal,0
02/01/2016 09:14:41 AM,8.617535,814.1743,Normal,0
02/01/2016 09:16:21 AM,8.617214,818.3398,Normal,0
02/01/2016 09:18:01 AM,8.620098,823.0662,Normal,0
02/01/2016 09:19:41 AM,8.619137,828.9942,Normal,0
02/01/2016 09:21:21 AM,8.618816,835.6431,Normal,0
02/01/2016 09:23:01 AM,8.592861,841.9316,Normal,0
02/01/2016 09:24:41 AM,8.587093,844.6152,Normal,0
02/01/2016 09:26:21 AM,8.581966,849.6219,Normal,0
02/01/2016 09:28:01 AM,8.581005,856.7515,Normal,0
02/01/2016 09:29:41 AM,8.585491,860.1561,Normal,0
02/01/2016 09:31:21 AM,8.589657,892.2392,Normal,0
02/01/2016 09:33:01 AM,8.588696,917.0726,Normal,0
02/01/2016 09:34:41 AM,8.583569,919.7962,Normal,0
02/01/2016 09:36:21 AM,8.588696,925.2435,Normal,0
02/01/2016 09:38:01 AM,8.58485,931.6922,Normal,0
02/01/2016 09:39:41 AM,8.59222,937.1395,Normal,0
02/01/2016 09:41:21 AM,8.589977,941.7858,Normal,0
02/01/2016 09:43:01 AM,8.5919,946.4721,Normal,0
02/01/2016 09:44:41 AM,8.590298,951.599,Normal,0
02/01/2016 09:46:21 AM,8.591579,957.1264,Normal,0
02/01/2016 09:48:01 AM,8.593182,962.6538,Normal,0
02/01/2016 09:49:41 AM,8.593502,968.9824,Normal,0
02/01/2016 09:51:21 AM,8.594463,972.9877,Normal,0
02/01/2016 09:53:01 AM,8.595425,978.4351,Normal,0
02/01/2016 09:54:41 AM,8.595104,983.2014,Normal,0
02/01/2016 09:56:21 AM,8.603115,987.4872,Normal,0
02/01/2016 09:58:01 AM,8.602474,994.4565,Normal,0
02/01/2016 09:59:41 AM,8.625225,999.2631,Normal,0
02/01/2016 10:01:21 AM,8.686747,969.5431,Normal,0
02/01/2016 10:03:01 AM,8.686426,944.7898,Normal,0
02/01/2016 10:04:41 AM,8.683222,944.8699,Normal,0
02/01/2016 10:06:21 AM,8.689951,945.1503,Normal,0
02/01/2016 10:08:01 AM,8.683542,944.91,Normal,0
02/01/2016 10:09:41 AM,8.683542,945.3506,Normal,0
02/01/2016 10:11:21 AM,8.686426,945.1904,Normal,0
02/01/2016 10:13:01 AM,8.679698,938.7417,Normal,0
02/01/2016 10:14:41 AM,8.684824,894.2419,Normal,0
02/01/2016 10:16:21 AM,8.678416,851.144,Normal,0
02/01/2016 10:18:01 AM,8.686747,806.6041,Normal,0
02/01/2016 10:19:41 AM,8.628109,791.1433,Normal,0
02/01/2016 10:21:21 AM,8.631313,798.7936,Normal,0
02/01/2016 10:23:01 AM,8.628109,803.1194,Normal,0
02/01/2016 10:24:41 AM,8.627468,808.8071,Normal,0
02/01/2016 10:26:21 AM,8.625546,816.8578,Normal,0
02/01/2016 10:28:01 AM,8.625866,822.5856,Normal,0
02/01/2016 10:29:41 AM,8.623943,826.7912,Normal,0
02/01/2016 10:31:21 AM,8.625546,831.6378,Normal,0
02/01/2016 10:33:01 AM,8.624905,835.4829,Normal,0
02/01/2016 10:34:41 AM,8.624905,840.6899,Normal,0
02/01/2016 10:36:21 AM,8.624905,847.2587,Normal,0
02/01/2016 10:38:01 AM,8.601513,853.2668,Normal,0
02/01/2016 10:39:41 AM,8.604717,858.3136,Normal,0
02/01/2016 10:41:21 AM,8.595425,864.6421,Normal,0
02/01/2016 10:43:01 AM,8.596386,868.5273,Normal,0
02/01/2016 10:44:41 AM,8.597027,906.0177,Normal,0
02/01/2016 10:46:21 AM,8.604397,923.4411,Normal,0
02/01/2016 10:48:01 AM,8.596386,930.2903,Normal,0
02/01/2016 10:49:41 AM,8.594463,934.2557,Normal,0
02/01/2016 10:51:21 AM,8.607922,939.1823,Normal,0
02/01/2016 10:53:01 AM,8.597988,944.3492,Normal,0
02/01/2016 10:54:41 AM,8.604076,949.356,Normal,0
02/01/2016 10:56:21 AM,8.59927,954.3627,Normal,0
02/01/2016 10:58:01 AM,8.600872,958.5684,Normal,0
02/01/2016 10:59:41 AM,8.603436,962.4536,Normal,0
02/01/2016 11:01:21 AM,8.604397,970.224,Normal,0
02/01/2016 11:03:01 AM,8.604397,975.1506,Normal,0
02/01/2016 11:04:41 AM,8.607281,980.1573,Normal,0
02/01/2016 11:06:21 AM,8.611126,986.2055,Normal,0
02/01/2016 11:08:01 AM,8.610806,988.6087,Normal,0
02/01/2016 11:09:41 AM,8.610485,996.0988,Normal,0
02/01/2016 11:11:21 AM,8.68931,994.2964,Normal,0
02/01/2016 11:13:01 AM,8.71142,950.9982,Normal,0
02/01/2016 11:14:41 AM,8.706614,909.6226,Normal,0
02/01/2016 11:16:21 AM,8.687708,890.7572,Normal,0
02/01/2016 11:18:01 AM,8.692194,865.8437,Attack,1
02/01/2016 11:19:41 AM,8.702448,822.0649,Attack,1
02/01/2016 11:21:21 AM,8.607922,790.6627,Attack,1
02/01/2016 11:23:01 AM,8.609844,797.1514,Attack,1
02/01/2016 11:24:41 AM,8.610485,828.3934,Attack,1
02/01/2016 11:26:21 AM,8.607281,878.1002,Normal,0
02/01/2016 11:28:01 AM,8.604717,925.1234,Normal,0
02/01/2016 11:29:41 AM,8.610806,973.8289,Normal,0
02/01/2016 11:31:21 AM,8.697321,1011.88,Normal,0
02/01/2016 11:33:01 AM,8.700205,1010.959,Attack,1
02/01/2016 11:34:41 AM,8.697321,1010.518,Attack,1
02/01/2016 11:36:21 AM,8.695398,970.7447,Normal,0
02/01/2016 11:38:01 AM,8.694117,927.7269,Normal,0
02/01/2016 11:39:41 AM,8.697321,884.1483,Normal,0
02/01/2016 11:41:21 AM,8.691553,840.73,Normal,0
02/01/2016 11:43:01 AM,8.705652,795.5493,Normal,0
02/01/2016 11:44:41 AM,8.623302,794.9885,Attack,1
02/01/2016 11:46:21 AM,8.620739,802.1581,Attack,1
02/01/2016 11:48:01 AM,8.623623,805.1622,Attack,1
02/01/2016 11:49:41 AM,8.625546,812.6522,Attack,1
02/01/2016 11:51:21 AM,8.625225,816.1769,Normal,0
02/01/2016 11:53:01 AM,8.624264,822.7458,Attack,1
02/01/2016 11:54:41 AM,8.622341,826.7512,Attack,1
02/01/2016 11:56:21 AM,8.6217,833.0797,Attack,1
02/01/2016 11:58:01 AM,8.6217,838.1665,Normal,0
02/01/2016 11:59:41 AM,8.619137,844.2947,Normal,0
02/01/2016 12:01:21 PM,8.623623,851.6647,Normal,0
02/01/2016 12:03:01 PM,8.620739,855.4698,Normal,0
02/01/2016 12:04:41 PM,8.605999,860.9171,Normal,0
02/01/2016 12:06:21 PM,8.611446,890.3166,Normal,0
02/01/2016 12:08:01 PM,8.611126,916.0712,Normal,0
02/01/2016 12:09:41 PM,8.608242,922.0392,Normal,0
02/01/2016 12:11:21 PM,8.59927,926.2449,Normal,0
02/01/2016 12:13:01 PM,8.60664,929.4091,Normal,0
02/01/2016 12:14:41 PM,8.600231,936.1782,Normal,0
02/01/2016 12:16:21 PM,8.59959,942.7471,Normal,0
02/01/2016 12:18:01 PM,8.603115,947.5135,Normal,0
02/01/2016 12:19:41 PM,8.600872,951.9595,Normal,0
02/01/2016 12:21:21 PM,8.605679,958.288,Normal,0
02/01/2016 12:23:01 PM,8.601513,962.6138,Normal,0
02/01/2016 12:24:41 PM,8.607922,969.0624,Normal,0
02/01/2016 12:26:21 PM,8.602474,972.5471,Normal,0
02/01/2016 12:28:01 PM,8.613049,978.7955,Normal,0
02/01/2016 12:29:41 PM,8.607601,982.5606,Normal,0
02/01/2016 12:31:21 PM,8.613689,997.02,Normal,0
02/01/2016 12:33:01 PM,8.699564,1010.118,Normal,0
02/01/2016 12:34:41 PM,8.700205,1010.078,Normal,0
02/01/2016 12:36:21 PM,8.689631,1010.278,Normal,0
02/01/2016 12:38:01 PM,8.687387,1010.158,Normal,0
02/01/2016 12:39:41 PM,8.700205,1010.038,Normal,0
02/01/2016 12:41:21 PM,8.695719,1010.158,Normal,0
02/01/2016 12:43:01 PM,8.694437,970.224,Normal,0
02/01/2016 12:44:41 PM,8.695398,926.6054,Normal,0
02/01/2016 12:46:21 PM,8.689631,882.0255,Normal,0
02/01/2016 12:48:01 PM,8.70373,839.1278,Normal,0
02/01/2016 12:49:41 PM,8.696039,794.3877,Normal,0
02/01/2016 12:51:21 PM,8.610485,796.2702,Normal,0
02/01/2016 12:53:01 PM,8.607601,802.9592,Normal,0
02/01/2016 12:54:41 PM,8.611126,806.3638,Normal,0
02/01/2016 12:56:21 PM,8.604717,810.5694,Normal,0
02/01/2016 12:58:01 PM,8.631634,815.8565,Normal,0
02/01/2016 12:59:41 PM,8.624905,822.5455,Normal,0
02/01/2016 01:01:21 PM,8.627468,829.5549,Normal,0
02/01/2016 01:03:01 PM,8.628109,834.762,Normal,0
02/01/2016 01:04:41 PM,8.625225,840.2493,Normal,0
02/01/2016 01:06:21 PM,8.624264,845.3362,Normal,0
02/01/2016 01:08:01 PM,8.629711,850.6633,Normal,0
02/01/2016 01:09:41 PM,8.631634,854.8289,Normal,0
02/01/2016 01:11:21 PM,8.623943,861.7181,Normal,0
02/01/2016 01:13:01 PM,8.608883,904.9763,Normal,0
02/01/2016 01:14:41 PM,8.616894,885.8863,Attack,1
02/01/2016 01:16:21 PM,8.61433,840.3863,Attack,1
02/01/2016 01:18:01 PM,8.612087,795.8863,Attack,1
02/01/2016 01:19:41 PM,8.613689,751.3863,Attack,1
02/01/2016 01:21:21 PM,8.616894,704.8863,Attack,1
02/01/2016 01:23:01 PM,8.613049,659.3863,Attack,1
02/01/2016 01:24:41 PM,8.618496,612.8863,Attack,1
02/01/2016 01:26:21 PM,8.621059,566.8863,Attack,1
02/01/2016 01:28:01 PM,8.617535,520.8863,Attack,1
02/01/2016 01:29:41 PM,8.626827,474.3863,Attack,1
02/01/2016 01:31:21 PM,8.622341,428.3863,Attack,1
02/01/2016 01:33:01 PM,8.625225,382.3863,Attack,1
02/01/2016 01:34:41 PM,8.625866,370.8863,Attack,1
02/01/2016 01:36:21 PM,8.628429,370.8863,Attack,1
02/01/2016 01:38:01 PM,8.62907,370.8863,Attack,1
02/01/2016 01:39:41 PM,8.63644,370.8863,Attack,1
02/01/2016 01:41:21 PM,8.635479,999.0227,Normal,0
02/01/2016 01:43:01 PM,8.729364,976.2321,Normal,0
02/01/2016 01:44:41 PM,8.730646,965.6578,Normal,0
02/01/2016 01:46:21 PM,8.712061,933.6548,Normal,0
02/01/2016 01:48:01 PM,8.729364,889.3553,Normal,0
02/01/2016 01:49:41 PM,8.71142,845.0157,Normal,0
02/01/2016 01:51:21 PM,8.724558,801.7576,Normal,0
02/01/2016 01:53:01 PM,8.63644,791.1433,Normal,0
02/01/2016 01:54:41 PM,8.65919,801.1568,Normal,0
02/01/2016 01:56:21 PM,8.660472,806.564,Normal,0
02/01/2016 01:58:01 PM,8.651179,824.5883,Normal,0
02/01/2016 01:59:41 PM,8.655345,876.1776,Normal,0
02/01/2016 02:01:21 PM,8.653743,922.7202,Normal,0
02/01/2016 02:03:01 PM,8.650859,971.3455,Normal,0
02/01/2016 02:04:41 PM,8.705011,1011.76,Normal,0
02/01/2016 02:06:21 PM,8.708216,1011.119,Normal,0
02/01/2016 02:08:01 PM,8.708536,1008.716,Normal,0
02/01/2016 02:09:41 PM,8.708857,966.4189,Normal,0
02/01/2016 02:11:21 PM,8.708216,923.8417,Normal,0
02/01/2016 02:13:01 PM,8.701807,879.5021,Normal,0
02/01/2016 02:14:41 PM,8.708536,834.0009,Normal,0
02/01/2016 02:16:21 PM,8.691553,792.5051,Normal,0
02/01/2016 02:18:01 PM,8.620419,796.3503,Normal,0
02/01/2016 02:19:41 PM,8.627148,799.074,Normal,0
02/01/2016 02:21:21 PM,8.612728,806.524,Normal,0
02/01/2016 02:23:01 PM,8.6217,814.2544,Normal,0
02/01/2016 02:24:41 PM,8.611446,817.0181,Normal,0
02/01/2016 02:26:21 PM,8.614651,823.4267,Normal,0
02/01/2016 02:28:01 PM,8.615932,827.9528,Normal,0
02/01/2016 02:29:41 PM,8.61433,833.8407,Normal,0
02/01/2016 02:31:21 PM,8.608883,841.6512,Normal,0
02/01/2016 02:33:01 PM,8.608242,847.1385,Normal,0
02/01/2016 02:34:41 PM,8.609203,852.3055,Normal,0
02/01/2016 02:36:21 PM,8.601833,857.152,Normal,0
02/01/2016 02:38:01 PM,8.612408,863.7209,Normal,0
02/01/2016 02:39:41 PM,8.631634,898.9282,Normal,0
02/01/2016 02:41:21 PM,8.633236,916.0312,Normal,0
02/01/2016 02:43:01 PM,8.618816,920.0366,Normal,0
02/01/2016 02:44:41 PM,8.603436,927.5266,Normal,0
02/01/2016 02:46:21 PM,8.607922,930.9312,Normal,0
02/01/2016 02:48:01 PM,8.607601,938.8619,Normal,0
02/01/2016 02:49:41 PM,8.604076,942.5468,Normal,0
02/01/2016 02:51:21 PM,8.604076,951.1984,Normal,0
02/01/2016 02:53:01 PM,8.610485,953.7619,Normal,0
02/01/2016 02:54:41 PM,8.604717,958.1277,Normal,0
02/01/2016 02:56:21 PM,8.633556,965.2173,Normal,0
02/01/2016 02:58:01 PM,8.639645,967.22,Normal,0
02/01/2016 02:59:41 PM,8.643489,975.9918,Normal,0
