actual 1: 53900  0: 396018
predict 1: 2020  0: 447898
precision: 0.0400990099009901
recall: 0.00150278293135436
f1score: 0.0028969957081545067
accuracy: 0.8760707506701221
TPR: 0.00150278293135436
FPR: 0.00489624209000601 
